"Time differences (ps)"	"Counts per bin"
-20000	3
-19980	0
-19960	1
-19940	0
-19920	0
-19900	2
-19880	3
-19860	6
-19840	0
-19820	2
-19800	1
-19780	1
-19760	1
-19740	1
-19720	1
-19700	1
-19680	2
-19660	3
-19640	1
-19620	3
-19600	0
-19580	1
-19560	0
-19540	2
-19520	2
-19500	1
-19480	0
-19460	1
-19440	1
-19420	2
-19400	1
-19380	0
-19360	2
-19340	2
-19320	2
-19300	2
-19280	1
-19260	1
-19240	4
-19220	0
-19200	3
-19180	2
-19160	0
-19140	1
-19120	0
-19100	1
-19080	2
-19060	2
-19040	1
-19020	2
-19000	2
-18980	3
-18960	2
-18940	2
-18920	1
-18900	1
-18880	1
-18860	2
-18840	1
-18820	1
-18800	0
-18780	0
-18760	4
-18740	3
-18720	1
-18700	1
-18680	2
-18660	4
-18640	1
-18620	2
-18600	1
-18580	2
-18560	0
-18540	1
-18520	0
-18500	2
-18480	1
-18460	0
-18440	2
-18420	0
-18400	0
-18380	2
-18360	2
-18340	2
-18320	1
-18300	2
-18280	1
-18260	1
-18240	1
-18220	1
-18200	3
-18180	1
-18160	1
-18140	1
-18120	0
-18100	0
-18080	0
-18060	1
-18040	0
-18020	0
-18000	2
-17980	0
-17960	1
-17940	2
-17920	0
-17900	3
-17880	0
-17860	2
-17840	1
-17820	1
-17800	0
-17780	3
-17760	4
-17740	2
-17720	1
-17700	2
-17680	0
-17660	1
-17640	1
-17620	4
-17600	3
-17580	2
-17560	3
-17540	2
-17520	1
-17500	0
-17480	2
-17460	0
-17440	3
-17420	1
-17400	2
-17380	1
-17360	1
-17340	0
-17320	0
-17300	2
-17280	0
-17260	2
-17240	1
-17220	1
-17200	1
-17180	0
-17160	2
-17140	1
-17120	0
-17100	1
-17080	2
-17060	2
-17040	5
-17020	3
-17000	1
-16980	0
-16960	0
-16940	1
-16920	0
-16900	1
-16880	0
-16860	3
-16840	1
-16820	1
-16800	1
-16780	4
-16760	3
-16740	1
-16720	2
-16700	3
-16680	3
-16660	1
-16640	0
-16620	4
-16600	0
-16580	0
-16560	3
-16540	1
-16520	3
-16500	6
-16480	4
-16460	1
-16440	0
-16420	3
-16400	4
-16380	1
-16360	2
-16340	2
-16320	1
-16300	1
-16280	0
-16260	0
-16240	3
-16220	2
-16200	3
-16180	1
-16160	0
-16140	1
-16120	1
-16100	2
-16080	4
-16060	1
-16040	2
-16020	1
-16000	2
-15980	2
-15960	1
-15940	1
-15920	5
-15900	2
-15880	1
-15860	4
-15840	2
-15820	3
-15800	0
-15780	4
-15760	4
-15740	15
-15720	17
-15700	34
-15680	25
-15660	12
-15640	3
-15620	2
-15600	1
-15580	5
-15560	2
-15540	1
-15520	1
-15500	2
-15480	6
-15460	2
-15440	2
-15420	1
-15400	2
-15380	1
-15360	1
-15340	0
-15320	2
-15300	3
-15280	1
-15260	0
-15240	2
-15220	2
-15200	2
-15180	2
-15160	2
-15140	2
-15120	4
-15100	2
-15080	2
-15060	3
-15040	2
-15020	2
-15000	2
-14980	5
-14960	6
-14940	1
-14920	1
-14900	0
-14880	4
-14860	1
-14840	1
-14820	1
-14800	2
-14780	2
-14760	1
-14740	4
-14720	4
-14700	0
-14680	1
-14660	0
-14640	0
-14620	1
-14600	1
-14580	5
-14560	0
-14540	0
-14520	4
-14500	4
-14480	4
-14460	6
-14440	2
-14420	1
-14400	3
-14380	0
-14360	2
-14340	1
-14320	2
-14300	1
-14280	3
-14260	0
-14240	0
-14220	2
-14200	1
-14180	3
-14160	2
-14140	2
-14120	2
-14100	1
-14080	2
-14060	2
-14040	2
-14020	4
-14000	5
-13980	3
-13960	1
-13940	2
-13920	2
-13900	4
-13880	0
-13860	2
-13840	1
-13820	0
-13800	3
-13780	1
-13760	2
-13740	0
-13720	4
-13700	3
-13680	3
-13660	2
-13640	3
-13620	3
-13600	2
-13580	1
-13560	2
-13540	2
-13520	1
-13500	0
-13480	5
-13460	0
-13440	6
-13420	0
-13400	4
-13380	1
-13360	6
-13340	4
-13320	1
-13300	3
-13280	2
-13260	2
-13240	2
-13220	3
-13200	3
-13180	2
-13160	0
-13140	1
-13120	4
-13100	2
-13080	1
-13060	2
-13040	3
-13020	4
-13000	2
-12980	2
-12960	3
-12940	1
-12920	0
-12900	2
-12880	2
-12860	0
-12840	1
-12820	3
-12800	3
-12780	3
-12760	5
-12740	4
-12720	4
-12700	7
-12680	12
-12660	17
-12640	23
-12620	41
-12600	102
-12580	241
-12560	697
-12540	1866
-12520	4353
-12500	6993
-12480	5158
-12460	1539
-12440	313
-12420	63
-12400	10
-12380	8
-12360	13
-12340	21
-12320	22
-12300	15
-12280	5
-12260	1
-12240	0
-12220	1
-12200	0
-12180	1
-12160	3
-12140	1
-12120	0
-12100	0
-12080	1
-12060	1
-12040	1
-12020	1
-12000	1
-11980	4
-11960	0
-11940	1
-11920	0
-11900	1
-11880	1
-11860	2
-11840	1
-11820	0
-11800	0
-11780	1
-11760	2
-11740	0
-11720	3
-11700	4
-11680	11
-11660	8
-11640	12
-11620	5
-11600	1
-11580	0
-11560	1
-11540	0
-11520	4
-11500	2
-11480	1
-11460	3
-11440	0
-11420	2
-11400	0
-11380	2
-11360	1
-11340	1
-11320	1
-11300	1
-11280	0
-11260	1
-11240	0
-11220	1
-11200	0
-11180	1
-11160	3
-11140	2
-11120	2
-11100	7
-11080	9
-11060	2
-11040	7
-11020	6
-11000	2
-10980	1
-10960	2
-10940	1
-10920	1
-10900	1
-10880	2
-10860	0
-10840	0
-10820	0
-10800	1
-10780	1
-10760	0
-10740	2
-10720	0
-10700	0
-10680	0
-10660	0
-10640	0
-10620	4
-10600	0
-10580	1
-10560	0
-10540	1
-10520	6
-10500	3
-10480	1
-10460	1
-10440	2
-10420	0
-10400	2
-10380	1
-10360	2
-10340	2
-10320	2
-10300	3
-10280	0
-10260	1
-10240	0
-10220	0
-10200	1
-10180	0
-10160	1
-10140	0
-10120	0
-10100	0
-10080	0
-10060	1
-10040	3
-10020	0
-10000	1
-9980	0
-9960	2
-9940	3
-9920	0
-9900	3
-9880	1
-9860	0
-9840	1
-9820	1
-9800	1
-9780	2
-9760	1
-9740	1
-9720	1
-9700	0
-9680	2
-9660	2
-9640	3
-9620	0
-9600	2
-9580	0
-9560	0
-9540	0
-9520	1
-9500	2
-9480	0
-9460	0
-9440	3
-9420	3
-9400	1
-9380	3
-9360	0
-9340	2
-9320	2
-9300	0
-9280	2
-9260	1
-9240	1
-9220	0
-9200	2
-9180	2
-9160	0
-9140	0
-9120	1
-9100	2
-9080	4
-9060	2
-9040	3
-9020	1
-9000	1
-8980	2
-8960	0
-8940	1
-8920	1
-8900	0
-8880	1
-8860	1
-8840	1
-8820	2
-8800	0
-8780	5
-8760	1
-8740	1
-8720	0
-8700	1
-8680	0
-8660	0
-8640	1
-8620	0
-8600	0
-8580	1
-8560	1
-8540	1
-8520	4
-8500	2
-8480	2
-8460	2
-8440	0
-8420	2
-8400	0
-8380	4
-8360	0
-8340	2
-8320	0
-8300	0
-8280	2
-8260	1
-8240	1
-8220	1
-8200	1
-8180	0
-8160	0
-8140	0
-8120	0
-8100	0
-8080	0
-8060	0
-8040	1
-8020	2
-8000	0
-7980	3
-7960	1
-7940	3
-7920	1
-7900	2
-7880	0
-7860	0
-7840	0
-7820	0
-7800	4
-7780	2
-7760	2
-7740	0
-7720	3
-7700	0
-7680	2
-7660	4
-7640	3
-7620	2
-7600	2
-7580	4
-7560	3
-7540	0
-7520	0
-7500	2
-7480	0
-7460	2
-7440	1
-7420	3
-7400	4
-7380	5
-7360	1
-7340	3
-7320	1
-7300	0
-7280	1
-7260	1
-7240	0
-7220	1
-7200	3
-7180	4
-7160	2
-7140	1
-7120	2
-7100	2
-7080	1
-7060	0
-7040	1
-7020	2
-7000	1
-6980	0
-6960	0
-6940	0
-6920	1
-6900	2
-6880	2
-6860	1
-6840	1
-6820	0
-6800	0
-6780	1
-6760	3
-6740	0
-6720	2
-6700	1
-6680	0
-6660	3
-6640	1
-6620	1
-6600	2
-6580	1
-6560	1
-6540	0
-6520	1
-6500	1
-6480	1
-6460	0
-6440	3
-6420	0
-6400	1
-6380	0
-6360	1
-6340	0
-6320	1
-6300	1
-6280	2
-6260	0
-6240	0
-6220	0
-6200	1
-6180	0
-6160	0
-6140	2
-6120	0
-6100	0
-6080	1
-6060	0
-6040	1
-6020	2
-6000	2
-5980	0
-5960	2
-5940	2
-5920	1
-5900	2
-5880	2
-5860	0
-5840	3
-5820	0
-5800	2
-5780	2
-5760	0
-5740	2
-5720	1
-5700	0
-5680	3
-5660	0
-5640	0
-5620	0
-5600	2
-5580	1
-5560	0
-5540	0
-5520	0
-5500	0
-5480	2
-5460	0
-5440	2
-5420	2
-5400	1
-5380	2
-5360	1
-5340	2
-5320	2
-5300	0
-5280	1
-5260	3
-5240	0
-5220	2
-5200	0
-5180	0
-5160	0
-5140	1
-5120	2
-5100	0
-5080	1
-5060	2
-5040	1
-5020	1
-5000	1
-4980	0
-4960	0
-4940	0
-4920	1
-4900	1
-4880	1
-4860	3
-4840	1
-4820	1
-4800	2
-4780	2
-4760	2
-4740	1
-4720	4
-4700	1
-4680	2
-4660	0
-4640	1
-4620	1
-4600	2
-4580	0
-4560	1
-4540	2
-4520	0
-4500	1
-4480	2
-4460	2
-4440	1
-4420	3
-4400	0
-4380	2
-4360	5
-4340	1
-4320	1
-4300	1
-4280	3
-4260	2
-4240	3
-4220	0
-4200	1
-4180	2
-4160	2
-4140	0
-4120	3
-4100	1
-4080	3
-4060	2
-4040	6
-4020	8
-4000	1
-3980	0
-3960	3
-3940	0
-3920	0
-3900	2
-3880	0
-3860	0
-3840	0
-3820	0
-3800	3
-3780	1
-3760	1
-3740	2
-3720	0
-3700	3
-3680	2
-3660	3
-3640	1
-3620	1
-3600	2
-3580	1
-3560	1
-3540	1
-3520	0
-3500	0
-3480	1
-3460	1
-3440	0
-3420	0
-3400	4
-3380	2
-3360	1
-3340	1
-3320	3
-3300	3
-3280	3
-3260	5
-3240	28
-3220	24
-3200	37
-3180	7
-3160	8
-3140	4
-3120	1
-3100	0
-3080	2
-3060	1
-3040	1
-3020	1
-3000	1
-2980	3
-2960	2
-2940	2
-2920	3
-2900	3
-2880	2
-2860	3
-2840	1
-2820	0
-2800	0
-2780	0
-2760	2
-2740	1
-2720	3
-2700	2
-2680	1
-2660	1
-2640	3
-2620	4
-2600	2
-2580	2
-2560	0
-2540	3
-2520	2
-2500	2
-2480	2
-2460	1
-2440	0
-2420	0
-2400	5
-2380	1
-2360	2
-2340	4
-2320	1
-2300	2
-2280	1
-2260	1
-2240	2
-2220	2
-2200	0
-2180	0
-2160	2
-2140	0
-2120	2
-2100	1
-2080	2
-2060	8
-2040	1
-2020	3
-2000	2
-1980	2
-1960	2
-1940	2
-1920	1
-1900	0
-1880	4
-1860	1
-1840	1
-1820	0
-1800	0
-1780	1
-1760	0
-1740	1
-1720	1
-1700	3
-1680	2
-1660	1
-1640	3
-1620	1
-1600	1
-1580	3
-1560	2
-1540	0
-1520	1
-1500	0
-1480	2
-1460	0
-1440	1
-1420	2
-1400	2
-1380	0
-1360	1
-1340	4
-1320	1
-1300	2
-1280	1
-1260	3
-1240	2
-1220	0
-1200	1
-1180	1
-1160	0
-1140	1
-1120	1
-1100	1
-1080	5
-1060	2
-1040	3
-1020	2
-1000	1
-980	4
-960	1
-940	2
-920	2
-900	2
-880	4
-860	0
-840	0
-820	3
-800	2
-780	1
-760	0
-740	1
-720	0
-700	1
-680	1
-660	3
-640	0
-620	0
-600	1
-580	1
-560	1
-540	1
-520	2
-500	1
-480	1
-460	6
-440	1
-420	2
-400	2
-380	3
-360	0
-340	1
-320	3
-300	3
-280	1
-260	3
-240	1
-220	6
-200	7
-180	11
-160	7
-140	26
-120	73
-100	237
-80	718
-60	2382
-40	6758
-20	14462
0	11237
20	1654
40	157
60	14
80	12
100	12
120	9
140	19
160	22
180	14
200	7
220	6
240	2
260	5
280	1
300	3
320	6
340	4
360	2
380	7
400	2
420	1
440	4
460	9
480	3
500	4
520	3
540	3
560	1
580	4
600	4
620	6
640	7
660	1
680	3
700	2
720	1
740	8
760	3
780	4
800	6
820	10
840	12
860	10
880	2
900	2
920	4
940	2
960	4
980	3
1000	6
1020	5
1040	3
1060	1
1080	4
1100	0
1120	3
1140	1
1160	1
1180	5
1200	3
1220	5
1240	0
1260	5
1280	2
1300	3
1320	1
1340	4
1360	2
1380	8
1400	10
1420	10
1440	1
1460	2
1480	1
1500	1
1520	0
1540	3
1560	2
1580	1
1600	1
1620	5
1640	2
1660	1
1680	2
1700	3
1720	1
1740	1
1760	3
1780	8
1800	3
1820	5
1840	6
1860	0
1880	4
1900	2
1920	2
1940	3
1960	3
1980	3
2000	3
2020	3
2040	6
2060	4
2080	4
2100	4
2120	6
2140	4
2160	2
2180	3
2200	2
2220	2
2240	4
2260	1
2280	1
2300	2
2320	2
2340	2
2360	4
2380	1
2400	1
2420	4
2440	2
2460	2
2480	5
2500	5
2520	5
2540	1
2560	4
2580	5
2600	2
2620	2
2640	2
2660	2
2680	2
2700	2
2720	7
2740	4
2760	5
2780	5
2800	3
2820	5
2840	4
2860	2
2880	3
2900	5
2920	1
2940	3
2960	2
2980	7
3000	5
3020	2
3040	2
3060	4
3080	6
3100	5
3120	1
3140	2
3160	3
3180	4
3200	0
3220	3
3240	6
3260	5
3280	3
3300	2
3320	5
3340	4
3360	3
3380	0
3400	3
3420	6
3440	1
3460	2
3480	3
3500	5
3520	5
3540	2
3560	4
3580	0
3600	2
3620	2
3640	5
3660	1
3680	4
3700	0
3720	3
3740	2
3760	10
3780	2
3800	3
3820	6
3840	1
3860	1
3880	2
3900	2
3920	3
3940	8
3960	4
3980	4
4000	5
4020	3
4040	1
4060	6
4080	1
4100	1
4120	8
4140	6
4160	3
4180	3
4200	3
4220	3
4240	5
4260	2
4280	4
4300	6
4320	3
4340	4
4360	5
4380	0
4400	3
4420	4
4440	4
4460	0
4480	1
4500	2
4520	3
4540	6
4560	4
4580	6
4600	0
4620	3
4640	3
4660	4
4680	4
4700	7
4720	0
4740	4
4760	4
4780	5
4800	3
4820	6
4840	5
4860	8
4880	4
4900	7
4920	2
4940	5
4960	3
4980	4
5000	3
5020	4
5040	1
5060	5
5080	4
5100	2
5120	4
5140	0
5160	5
5180	5
5200	5
5220	4
5240	2
5260	1
5280	2
5300	2
5320	2
5340	1
5360	4
5380	1
5400	1
5420	0
5440	2
5460	3
5480	4
5500	3
5520	0
5540	1
5560	8
5580	4
5600	4
5620	2
5640	4
5660	1
5680	5
5700	2
5720	1
5740	1
5760	2
5780	6
5800	2
5820	3
5840	1
5860	6
5880	6
5900	3
5920	5
5940	1
5960	2
5980	2
6000	3
6020	4
6040	3
6060	2
6080	5
6100	4
6120	1
6140	3
6160	3
6180	4
6200	4
6220	0
6240	4
6260	2
6280	2
6300	3
6320	4
6340	2
6360	2
6380	5
6400	1
6420	2
6440	6
6460	1
6480	2
6500	4
6520	3
6540	2
6560	5
6580	2
6600	4
6620	3
6640	1
6660	0
6680	4
6700	3
6720	3
6740	1
6760	3
6780	1
6800	3
6820	2
6840	3
6860	5
6880	3
6900	2
6920	3
6940	1
6960	5
6980	7
7000	4
7020	3
7040	2
7060	3
7080	3
7100	5
7120	2
7140	4
7160	2
7180	6
7200	2
7220	3
7240	7
7260	4
7280	2
7300	2
7320	3
7340	3
7360	6
7380	2
7400	4
7420	1
7440	2
7460	3
7480	2
7500	2
7520	4
7540	1
7560	4
7580	6
7600	5
7620	4
7640	6
7660	4
7680	1
7700	3
7720	4
7740	1
7760	1
7780	5
7800	3
7820	4
7840	8
7860	4
7880	2
7900	5
7920	3
7940	3
7960	2
7980	4
8000	1
8020	5
8040	2
8060	1
8080	1
8100	6
8120	1
8140	4
8160	9
8180	3
8200	2
8220	2
8240	4
8260	5
8280	0
8300	0
8320	1
8340	3
8360	6
8380	3
8400	7
8420	4
8440	7
8460	4
8480	6
8500	2
8520	5
8540	5
8560	6
8580	3
8600	6
8620	7
8640	5
8660	4
8680	5
8700	4
8720	4
8740	3
8760	4
8780	2
8800	7
8820	4
8840	3
8860	0
8880	2
8900	3
8920	5
8940	3
8960	5
8980	3
9000	2
9020	3
9040	3
9060	2
9080	6
9100	3
9120	7
9140	9
9160	2
9180	3
9200	5
9220	12
9240	12
9260	31
9280	34
9300	27
9320	8
9340	4
9360	6
9380	3
9400	4
9420	6
9440	1
9460	6
9480	2
9500	5
9520	5
9540	1
9560	5
9580	2
9600	3
9620	2
9640	1
9660	6
9680	2
9700	3
9720	3
9740	2
9760	3
9780	4
9800	1
9820	4
9840	0
9860	2
9880	5
9900	5
9920	0
9940	4
9960	2
9980	0
10000	5
10020	3
10040	2
10060	5
10080	3
10100	2
10120	3
10140	2
10160	6
10180	4
10200	0
10220	3
10240	6
10260	5
10280	4
10300	8
10320	3
10340	1
10360	3
10380	4
10400	7
10420	5
10440	6
10460	6
10480	4
10500	2
10520	4
10540	6
10560	4
10580	3
10600	5
10620	4
10640	7
10660	8
10680	1
10700	5
10720	3
10740	2
10760	4
10780	2
10800	3
10820	5
10840	6
10860	3
10880	2
10900	6
10920	3
10940	5
10960	8
10980	3
11000	7
11020	3
11040	2
11060	4
11080	3
11100	4
11120	3
11140	2
11160	6
11180	3
11200	5
11220	4
11240	2
11260	4
11280	3
11300	3
11320	6
11340	2
11360	2
11380	8
11400	6
11420	4
11440	3
11460	2
11480	6
11500	4
11520	3
11540	2
11560	5
11580	8
11600	4
11620	3
11640	3
11660	3
11680	4
11700	4
11720	4
11740	6
11760	2
11780	2
11800	6
11820	3
11840	6
11860	3
11880	5
11900	2
11920	9
11940	6
11960	6
11980	8
12000	4
12020	5
12040	2
12060	5
12080	7
12100	6
12120	6
12140	2
12160	5
12180	5
12200	9
12220	5
12240	8
12260	8
12280	12
12300	11
12320	24
12340	44
12360	57
12380	166
12400	382
12420	1082
12440	2669
12460	5816
12480	6856
12500	3342
12520	770
12540	139
12560	31
12580	17
12600	21
12620	15
12640	16
12660	10
12680	12
12700	6
12720	3
12740	4
12760	3
12780	5
12800	3
12820	0
12840	4
12860	2
12880	3
12900	5
12920	3
12940	3
12960	2
12980	5
13000	5
13020	1
13040	2
13060	2
13080	3
13100	1
13120	0
13140	2
13160	2
13180	5
13200	4
13220	2
13240	3
13260	4
13280	6
13300	8
13320	8
13340	6
13360	3
13380	3
13400	4
13420	4
13440	3
13460	2
13480	3
13500	4
13520	6
13540	1
13560	2
13580	4
13600	2
13620	2
13640	2
13660	3
13680	1
13700	1
13720	3
13740	2
13760	0
13780	1
13800	0
13820	4
13840	9
13860	12
13880	11
13900	9
13920	5
13940	6
13960	0
13980	5
14000	4
14020	2
14040	2
14060	1
14080	4
14100	5
14120	2
14140	8
14160	0
14180	4
14200	3
14220	2
14240	1
14260	6
14280	5
14300	1
14320	5
14340	1
14360	4
14380	2
14400	4
14420	3
14440	0
14460	4
14480	1
14500	3
14520	3
14540	4
14560	1
14580	4
14600	1
14620	6
14640	1
14660	2
14680	2
14700	0
14720	2
14740	3
14760	4
14780	6
14800	3
14820	0
14840	1
14860	3
14880	2
14900	8
14920	1
14940	0
14960	3
14980	5
15000	1
15020	0
15040	6
15060	3
15080	0
15100	3
15120	5
15140	3
15160	6
15180	5
15200	2
15220	2
15240	2
15260	2
15280	2
15300	2
15320	4
15340	2
15360	2
15380	2
15400	5
15420	4
15440	0
15460	0
15480	1
15500	4
15520	6
15540	3
15560	6
15580	6
15600	3
15620	7
15640	2
15660	4
15680	5
15700	4
15720	3
15740	2
15760	5
15780	6
15800	6
15820	4
15840	3
15860	1
15880	8
15900	2
15920	2
15940	3
15960	2
15980	3
16000	3
16020	1
16040	1
16060	3
16080	4
16100	2
16120	1
16140	4
16160	5
16180	4
16200	2
16220	7
16240	2
16260	7
16280	5
16300	2
16320	2
16340	2
16360	2
16380	3
16400	7
16420	2
16440	6
16460	2
16480	9
16500	4
16520	3
16540	3
16560	5
16580	1
16600	5
16620	3
16640	4
16660	4
16680	2
16700	2
16720	4
16740	1
16760	7
16780	2
16800	1
16820	3
16840	6
16860	3
16880	4
16900	5
16920	4
16940	1
16960	2
16980	3
17000	1
17020	6
17040	4
17060	3
17080	1
17100	3
17120	6
17140	4
17160	3
17180	4
17200	2
17220	0
17240	2
17260	3
17280	4
17300	6
17320	6
17340	6
17360	7
17380	6
17400	2
17420	5
17440	3
17460	5
17480	1
17500	0
17520	1
17540	3
17560	2
17580	4
17600	6
17620	2
17640	1
17660	4
17680	2
17700	3
17720	4
17740	1
17760	2
17780	2
17800	1
17820	2
17840	2
17860	5
17880	2
17900	5
17920	3
17940	5
17960	1
17980	0
18000	5
18020	3
18040	4
18060	2
18080	4
18100	2
18120	3
18140	7
18160	2
18180	5
18200	4
18220	4
18240	4
18260	0
18280	4
18300	1
18320	0
18340	4
18360	1
18380	3
18400	3
18420	2
18440	4
18460	4
18480	3
18500	6
18520	1
18540	7
18560	0
18580	3
18600	6
18620	3
18640	2
18660	4
18680	2
18700	4
18720	1
18740	0
18760	2
18780	5
18800	2
18820	5
18840	1
18860	2
18880	3
18900	3
18920	3
18940	1
18960	3
18980	2
19000	5
19020	5
19040	1
19060	5
19080	2
19100	2
19120	3
19140	3
19160	3
19180	2
19200	1
19220	2
19240	5
19260	3
19280	3
19300	3
19320	0
19340	2
19360	3
19380	7
19400	1
19420	1
19440	7
19460	3
19480	5
19500	3
19520	2
19540	3
19560	1
19580	3
19600	6
19620	2
19640	1
19660	5
19680	6
19700	2
19720	5
19740	3
19760	3
19780	2
19800	2
19820	2
19840	2
19860	2
19880	1
19900	2
19920	1
19940	3
19960	0
19980	1
