"Time differences (ps)"	"Counts per bin"
-20000	1
-19980	4
-19960	1
-19940	2
-19920	4
-19900	4
-19880	5
-19860	1
-19840	2
-19820	1
-19800	1
-19780	2
-19760	1
-19740	3
-19720	0
-19700	0
-19680	3
-19660	0
-19640	0
-19620	1
-19600	1
-19580	1
-19560	2
-19540	0
-19520	1
-19500	1
-19480	1
-19460	2
-19440	2
-19420	1
-19400	2
-19380	2
-19360	1
-19340	0
-19320	1
-19300	2
-19280	1
-19260	0
-19240	2
-19220	0
-19200	1
-19180	0
-19160	2
-19140	1
-19120	2
-19100	1
-19080	3
-19060	2
-19040	1
-19020	0
-19000	2
-18980	0
-18960	0
-18940	1
-18920	1
-18900	1
-18880	2
-18860	6
-18840	2
-18820	2
-18800	1
-18780	2
-18760	3
-18740	0
-18720	1
-18700	1
-18680	2
-18660	2
-18640	2
-18620	3
-18600	2
-18580	1
-18560	0
-18540	1
-18520	2
-18500	0
-18480	3
-18460	2
-18440	1
-18420	4
-18400	1
-18380	0
-18360	2
-18340	1
-18320	0
-18300	1
-18280	3
-18260	0
-18240	0
-18220	3
-18200	1
-18180	0
-18160	0
-18140	1
-18120	2
-18100	0
-18080	4
-18060	2
-18040	0
-18020	1
-18000	1
-17980	2
-17960	2
-17940	2
-17920	2
-17900	5
-17880	0
-17860	0
-17840	3
-17820	1
-17800	1
-17780	1
-17760	2
-17740	2
-17720	2
-17700	0
-17680	3
-17660	4
-17640	1
-17620	0
-17600	2
-17580	0
-17560	1
-17540	0
-17520	1
-17500	1
-17480	0
-17460	0
-17440	1
-17420	3
-17400	2
-17380	4
-17360	1
-17340	3
-17320	3
-17300	0
-17280	1
-17260	0
-17240	2
-17220	0
-17200	1
-17180	2
-17160	2
-17140	1
-17120	2
-17100	2
-17080	1
-17060	0
-17040	1
-17020	1
-17000	0
-16980	1
-16960	0
-16940	0
-16920	1
-16900	1
-16880	4
-16860	2
-16840	2
-16820	0
-16800	1
-16780	0
-16760	5
-16740	4
-16720	2
-16700	1
-16680	1
-16660	0
-16640	3
-16620	0
-16600	1
-16580	0
-16560	2
-16540	4
-16520	4
-16500	5
-16480	2
-16460	0
-16440	1
-16420	1
-16400	1
-16380	3
-16360	2
-16340	3
-16320	3
-16300	1
-16280	2
-16260	1
-16240	0
-16220	2
-16200	4
-16180	1
-16160	1
-16140	2
-16120	3
-16100	0
-16080	0
-16060	0
-16040	3
-16020	3
-16000	1
-15980	0
-15960	0
-15940	0
-15920	0
-15900	0
-15880	1
-15860	1
-15840	2
-15820	2
-15800	3
-15780	6
-15760	7
-15740	12
-15720	18
-15700	39
-15680	28
-15660	10
-15640	1
-15620	3
-15600	2
-15580	6
-15560	4
-15540	1
-15520	3
-15500	1
-15480	0
-15460	1
-15440	0
-15420	5
-15400	3
-15380	3
-15360	2
-15340	1
-15320	1
-15300	1
-15280	2
-15260	2
-15240	3
-15220	3
-15200	4
-15180	1
-15160	2
-15140	0
-15120	3
-15100	2
-15080	5
-15060	2
-15040	1
-15020	1
-15000	3
-14980	1
-14960	2
-14940	2
-14920	1
-14900	2
-14880	4
-14860	0
-14840	1
-14820	2
-14800	1
-14780	2
-14760	0
-14740	2
-14720	0
-14700	3
-14680	2
-14660	1
-14640	3
-14620	2
-14600	2
-14580	1
-14560	3
-14540	2
-14520	1
-14500	3
-14480	2
-14460	3
-14440	3
-14420	5
-14400	2
-14380	2
-14360	2
-14340	2
-14320	2
-14300	1
-14280	1
-14260	0
-14240	3
-14220	2
-14200	2
-14180	1
-14160	3
-14140	2
-14120	3
-14100	1
-14080	3
-14060	1
-14040	0
-14020	2
-14000	5
-13980	2
-13960	1
-13940	0
-13920	1
-13900	2
-13880	1
-13860	5
-13840	4
-13820	2
-13800	5
-13780	1
-13760	3
-13740	3
-13720	1
-13700	1
-13680	2
-13660	0
-13640	1
-13620	7
-13600	1
-13580	1
-13560	0
-13540	4
-13520	1
-13500	3
-13480	3
-13460	4
-13440	3
-13420	0
-13400	1
-13380	2
-13360	4
-13340	4
-13320	2
-13300	4
-13280	1
-13260	2
-13240	3
-13220	2
-13200	2
-13180	1
-13160	2
-13140	3
-13120	0
-13100	2
-13080	5
-13060	3
-13040	1
-13020	3
-13000	5
-12980	5
-12960	2
-12940	6
-12920	2
-12900	1
-12880	3
-12860	6
-12840	2
-12820	2
-12800	5
-12780	4
-12760	7
-12740	2
-12720	8
-12700	13
-12680	17
-12660	41
-12640	63
-12620	129
-12600	246
-12580	580
-12560	1222
-12540	2561
-12520	4799
-12500	6347
-12480	4024
-12460	1149
-12440	219
-12420	36
-12400	19
-12380	15
-12360	13
-12340	14
-12320	22
-12300	9
-12280	7
-12260	1
-12240	3
-12220	0
-12200	2
-12180	1
-12160	2
-12140	3
-12120	2
-12100	2
-12080	2
-12060	2
-12040	1
-12020	0
-12000	1
-11980	2
-11960	2
-11940	0
-11920	1
-11900	2
-11880	1
-11860	1
-11840	2
-11820	1
-11800	1
-11780	3
-11760	3
-11740	3
-11720	6
-11700	4
-11680	8
-11660	8
-11640	15
-11620	14
-11600	2
-11580	1
-11560	1
-11540	3
-11520	0
-11500	0
-11480	2
-11460	0
-11440	0
-11420	1
-11400	1
-11380	1
-11360	0
-11340	0
-11320	1
-11300	0
-11280	1
-11260	0
-11240	1
-11220	0
-11200	2
-11180	1
-11160	5
-11140	4
-11120	2
-11100	6
-11080	3
-11060	1
-11040	0
-11020	1
-11000	4
-10980	1
-10960	2
-10940	0
-10920	1
-10900	2
-10880	0
-10860	0
-10840	1
-10820	4
-10800	2
-10780	1
-10760	1
-10740	1
-10720	0
-10700	0
-10680	0
-10660	1
-10640	0
-10620	0
-10600	0
-10580	0
-10560	3
-10540	1
-10520	0
-10500	1
-10480	0
-10460	0
-10440	0
-10420	2
-10400	2
-10380	2
-10360	3
-10340	1
-10320	1
-10300	2
-10280	1
-10260	2
-10240	1
-10220	2
-10200	3
-10180	1
-10160	1
-10140	0
-10120	0
-10100	0
-10080	0
-10060	0
-10040	0
-10020	1
-10000	0
-9980	1
-9960	2
-9940	0
-9920	2
-9900	1
-9880	1
-9860	0
-9840	1
-9820	1
-9800	0
-9780	1
-9760	1
-9740	1
-9720	1
-9700	0
-9680	1
-9660	0
-9640	1
-9620	0
-9600	3
-9580	0
-9560	1
-9540	1
-9520	1
-9500	0
-9480	0
-9460	1
-9440	1
-9420	2
-9400	1
-9380	1
-9360	3
-9340	1
-9320	3
-9300	2
-9280	0
-9260	1
-9240	3
-9220	3
-9200	0
-9180	2
-9160	1
-9140	1
-9120	1
-9100	2
-9080	1
-9060	0
-9040	1
-9020	0
-9000	2
-8980	0
-8960	2
-8940	2
-8920	0
-8900	1
-8880	0
-8860	0
-8840	1
-8820	2
-8800	1
-8780	0
-8760	1
-8740	1
-8720	1
-8700	1
-8680	3
-8660	0
-8640	0
-8620	1
-8600	1
-8580	2
-8560	0
-8540	0
-8520	2
-8500	6
-8480	2
-8460	2
-8440	2
-8420	2
-8400	3
-8380	2
-8360	0
-8340	1
-8320	2
-8300	2
-8280	0
-8260	0
-8240	1
-8220	0
-8200	1
-8180	0
-8160	0
-8140	2
-8120	2
-8100	0
-8080	2
-8060	1
-8040	2
-8020	2
-8000	0
-7980	2
-7960	0
-7940	3
-7920	1
-7900	1
-7880	0
-7860	2
-7840	1
-7820	0
-7800	0
-7780	3
-7760	0
-7740	2
-7720	2
-7700	1
-7680	2
-7660	1
-7640	3
-7620	0
-7600	3
-7580	2
-7560	2
-7540	1
-7520	0
-7500	2
-7480	1
-7460	3
-7440	3
-7420	2
-7400	6
-7380	1
-7360	2
-7340	0
-7320	1
-7300	0
-7280	0
-7260	0
-7240	1
-7220	0
-7200	2
-7180	2
-7160	2
-7140	1
-7120	1
-7100	1
-7080	0
-7060	1
-7040	0
-7020	0
-7000	1
-6980	0
-6960	1
-6940	0
-6920	2
-6900	3
-6880	1
-6860	1
-6840	1
-6820	0
-6800	3
-6780	0
-6760	4
-6740	2
-6720	1
-6700	1
-6680	1
-6660	1
-6640	2
-6620	2
-6600	1
-6580	0
-6560	0
-6540	0
-6520	1
-6500	2
-6480	0
-6460	2
-6440	2
-6420	1
-6400	1
-6380	0
-6360	0
-6340	3
-6320	3
-6300	0
-6280	3
-6260	1
-6240	2
-6220	0
-6200	0
-6180	0
-6160	2
-6140	4
-6120	0
-6100	0
-6080	1
-6060	0
-6040	0
-6020	1
-6000	3
-5980	1
-5960	3
-5940	1
-5920	1
-5900	1
-5880	4
-5860	3
-5840	0
-5820	4
-5800	4
-5780	3
-5760	0
-5740	2
-5720	3
-5700	1
-5680	2
-5660	0
-5640	0
-5620	0
-5600	2
-5580	0
-5560	1
-5540	1
-5520	3
-5500	0
-5480	0
-5460	0
-5440	1
-5420	0
-5400	1
-5380	0
-5360	2
-5340	1
-5320	1
-5300	2
-5280	2
-5260	2
-5240	2
-5220	1
-5200	0
-5180	2
-5160	1
-5140	2
-5120	4
-5100	1
-5080	3
-5060	2
-5040	2
-5020	5
-5000	2
-4980	0
-4960	1
-4940	0
-4920	0
-4900	1
-4880	1
-4860	0
-4840	1
-4820	1
-4800	1
-4780	1
-4760	1
-4740	2
-4720	1
-4700	1
-4680	0
-4660	0
-4640	1
-4620	1
-4600	2
-4580	1
-4560	2
-4540	1
-4520	2
-4500	0
-4480	1
-4460	1
-4440	4
-4420	2
-4400	2
-4380	1
-4360	0
-4340	0
-4320	0
-4300	0
-4280	0
-4260	1
-4240	2
-4220	2
-4200	3
-4180	2
-4160	0
-4140	1
-4120	2
-4100	3
-4080	3
-4060	3
-4040	7
-4020	2
-4000	2
-3980	1
-3960	5
-3940	1
-3920	2
-3900	1
-3880	2
-3860	1
-3840	3
-3820	1
-3800	0
-3780	2
-3760	0
-3740	1
-3720	1
-3700	0
-3680	1
-3660	1
-3640	1
-3620	0
-3600	2
-3580	1
-3560	1
-3540	1
-3520	0
-3500	2
-3480	4
-3460	1
-3440	1
-3420	0
-3400	0
-3380	1
-3360	1
-3340	4
-3320	1
-3300	5
-3280	8
-3260	13
-3240	19
-3220	27
-3200	33
-3180	12
-3160	2
-3140	2
-3120	0
-3100	1
-3080	0
-3060	1
-3040	1
-3020	0
-3000	2
-2980	1
-2960	4
-2940	2
-2920	2
-2900	2
-2880	2
-2860	0
-2840	1
-2820	1
-2800	0
-2780	3
-2760	2
-2740	2
-2720	1
-2700	1
-2680	0
-2660	3
-2640	0
-2620	2
-2600	3
-2580	2
-2560	0
-2540	2
-2520	3
-2500	1
-2480	2
-2460	1
-2440	1
-2420	4
-2400	2
-2380	2
-2360	0
-2340	1
-2320	0
-2300	3
-2280	1
-2260	2
-2240	4
-2220	1
-2200	1
-2180	0
-2160	1
-2140	1
-2120	1
-2100	1
-2080	2
-2060	1
-2040	4
-2020	2
-2000	1
-1980	3
-1960	1
-1940	1
-1920	1
-1900	1
-1880	3
-1860	2
-1840	1
-1820	5
-1800	0
-1780	2
-1760	1
-1740	1
-1720	3
-1700	1
-1680	1
-1660	1
-1640	2
-1620	2
-1600	1
-1580	2
-1560	1
-1540	1
-1520	1
-1500	1
-1480	1
-1460	1
-1440	0
-1420	2
-1400	1
-1380	1
-1360	3
-1340	0
-1320	2
-1300	1
-1280	0
-1260	2
-1240	2
-1220	2
-1200	0
-1180	1
-1160	2
-1140	0
-1120	1
-1100	1
-1080	2
-1060	4
-1040	2
-1020	1
-1000	0
-980	3
-960	2
-940	1
-920	0
-900	0
-880	2
-860	3
-840	1
-820	1
-800	3
-780	0
-760	3
-740	1
-720	0
-700	3
-680	2
-660	2
-640	3
-620	4
-600	3
-580	5
-560	1
-540	2
-520	2
-500	0
-480	3
-460	1
-440	1
-420	0
-400	4
-380	3
-360	1
-340	2
-320	2
-300	3
-280	4
-260	6
-240	3
-220	5
-200	12
-180	27
-160	45
-140	109
-120	247
-100	643
-80	1524
-60	3975
-40	9285
-20	17263
0	11878
20	1802
40	131
60	13
80	15
100	8
120	13
140	16
160	33
180	19
200	3
220	3
240	3
260	2
280	2
300	2
320	3
340	1
360	4
380	5
400	3
420	2
440	2
460	2
480	3
500	5
520	2
540	4
560	4
580	5
600	1
620	1
640	3
660	3
680	1
700	1
720	6
740	2
760	3
780	0
800	7
820	8
840	5
860	7
880	9
900	2
920	6
940	2
960	3
980	1
1000	0
1020	6
1040	3
1060	1
1080	4
1100	2
1120	3
1140	5
1160	3
1180	2
1200	3
1220	2
1240	1
1260	7
1280	2
1300	2
1320	8
1340	4
1360	6
1380	5
1400	14
1420	5
1440	3
1460	2
1480	2
1500	4
1520	3
1540	2
1560	4
1580	6
1600	0
1620	5
1640	0
1660	4
1680	2
1700	0
1720	4
1740	3
1760	2
1780	0
1800	5
1820	3
1840	2
1860	3
1880	3
1900	2
1920	2
1940	6
1960	1
1980	2
2000	3
2020	4
2040	5
2060	5
2080	1
2100	0
2120	1
2140	4
2160	0
2180	4
2200	2
2220	7
2240	4
2260	3
2280	3
2300	2
2320	5
2340	0
2360	2
2380	5
2400	1
2420	2
2440	6
2460	1
2480	2
2500	2
2520	8
2540	2
2560	4
2580	5
2600	1
2620	1
2640	1
2660	2
2680	1
2700	5
2720	4
2740	2
2760	5
2780	5
2800	6
2820	2
2840	2
2860	3
2880	3
2900	6
2920	0
2940	2
2960	3
2980	4
3000	4
3020	3
3040	1
3060	2
3080	1
3100	3
3120	0
3140	4
3160	1
3180	4
3200	2
3220	3
3240	0
3260	3
3280	3
3300	3
3320	3
3340	4
3360	1
3380	2
3400	1
3420	3
3440	1
3460	3
3480	4
3500	6
3520	2
3540	2
3560	3
3580	3
3600	1
3620	4
3640	2
3660	2
3680	2
3700	2
3720	1
3740	9
3760	1
3780	6
3800	2
3820	3
3840	4
3860	4
3880	7
3900	2
3920	5
3940	8
3960	3
3980	8
4000	5
4020	2
4040	1
4060	3
4080	2
4100	3
4120	2
4140	2
4160	4
4180	6
4200	3
4220	4
4240	4
4260	4
4280	6
4300	7
4320	3
4340	0
4360	6
4380	3
4400	1
4420	5
4440	3
4460	4
4480	5
4500	4
4520	4
4540	5
4560	3
4580	4
4600	9
4620	3
4640	3
4660	1
4680	2
4700	3
4720	7
4740	4
4760	2
4780	0
4800	0
4820	3
4840	3
4860	4
4880	3
4900	5
4920	4
4940	6
4960	1
4980	2
5000	2
5020	5
5040	5
5060	2
5080	6
5100	2
5120	1
5140	3
5160	1
5180	4
5200	5
5220	2
5240	2
5260	2
5280	7
5300	5
5320	6
5340	2
5360	2
5380	2
5400	1
5420	3
5440	2
5460	1
5480	5
5500	3
5520	3
5540	1
5560	3
5580	3
5600	1
5620	2
5640	1
5660	3
5680	5
5700	3
5720	4
5740	7
5760	4
5780	3
5800	1
5820	5
5840	1
5860	2
5880	2
5900	1
5920	2
5940	1
5960	3
5980	2
6000	4
6020	2
6040	5
6060	9
6080	6
6100	2
6120	4
6140	2
6160	4
6180	2
6200	2
6220	7
6240	1
6260	3
6280	1
6300	2
6320	3
6340	4
6360	3
6380	4
6400	3
6420	3
6440	1
6460	3
6480	3
6500	2
6520	6
6540	6
6560	9
6580	4
6600	3
6620	3
6640	4
6660	5
6680	3
6700	1
6720	4
6740	3
6760	4
6780	2
6800	3
6820	5
6840	3
6860	1
6880	4
6900	3
6920	7
6940	4
6960	2
6980	1
7000	4
7020	4
7040	0
7060	0
7080	3
7100	1
7120	4
7140	3
7160	7
7180	4
7200	3
7220	2
7240	4
7260	7
7280	2
7300	5
7320	2
7340	2
7360	0
7380	3
7400	6
7420	0
7440	3
7460	4
7480	4
7500	3
7520	3
7540	2
7560	1
7580	1
7600	3
7620	3
7640	7
7660	5
7680	2
7700	3
7720	1
7740	3
7760	5
7780	3
7800	4
7820	2
7840	3
7860	3
7880	2
7900	2
7920	5
7940	3
7960	2
7980	4
8000	2
8020	2
8040	5
8060	2
8080	1
8100	5
8120	7
8140	5
8160	4
8180	2
8200	1
8220	3
8240	4
8260	3
8280	7
8300	4
8320	4
8340	2
8360	4
8380	3
8400	5
8420	5
8440	8
8460	2
8480	8
8500	3
8520	2
8540	5
8560	5
8580	3
8600	4
8620	6
8640	5
8660	3
8680	4
8700	7
8720	1
8740	6
8760	2
8780	11
8800	2
8820	3
8840	2
8860	3
8880	8
8900	4
8920	5
8940	3
8960	3
8980	2
9000	6
9020	2
9040	5
9060	2
9080	3
9100	5
9120	4
9140	6
9160	7
9180	7
9200	4
9220	13
9240	14
9260	34
9280	29
9300	21
9320	10
9340	8
9360	3
9380	2
9400	4
9420	5
9440	5
9460	5
9480	5
9500	3
9520	2
9540	3
9560	3
9580	4
9600	4
9620	3
9640	1
9660	3
9680	3
9700	5
9720	2
9740	6
9760	2
9780	3
9800	7
9820	2
9840	4
9860	6
9880	5
9900	4
9920	4
9940	6
9960	2
9980	6
10000	3
10020	5
10040	5
10060	3
10080	5
10100	4
10120	8
10140	1
10160	3
10180	2
10200	4
10220	4
10240	3
10260	5
10280	3
10300	3
10320	6
10340	5
10360	1
10380	8
10400	3
10420	5
10440	4
10460	1
10480	2
10500	2
10520	0
10540	2
10560	1
10580	2
10600	4
10620	4
10640	3
10660	6
10680	3
10700	6
10720	2
10740	2
10760	3
10780	6
10800	2
10820	4
10840	4
10860	3
10880	1
10900	2
10920	4
10940	6
10960	5
10980	4
11000	4
11020	1
11040	4
11060	4
11080	5
11100	8
11120	5
11140	3
11160	3
11180	2
11200	4
11220	5
11240	7
11260	7
11280	3
11300	2
11320	5
11340	0
11360	2
11380	4
11400	6
11420	2
11440	1
11460	3
11480	5
11500	7
11520	9
11540	6
11560	4
11580	1
11600	5
11620	2
11640	6
11660	2
11680	4
11700	4
11720	5
11740	1
11760	7
11780	3
11800	2
11820	6
11840	3
11860	2
11880	3
11900	2
11920	4
11940	2
11960	3
11980	6
12000	5
12020	2
12040	1
12060	7
12080	1
12100	4
12120	3
12140	6
12160	2
12180	5
12200	6
12220	12
12240	10
12260	13
12280	19
12300	30
12320	60
12340	99
12360	182
12380	348
12400	828
12420	1692
12440	3464
12460	5780
12480	5823
12500	2514
12520	562
12540	103
12560	28
12580	13
12600	16
12620	14
12640	11
12660	15
12680	7
12700	5
12720	5
12740	4
12760	3
12780	5
12800	3
12820	2
12840	1
12860	1
12880	4
12900	3
12920	0
12940	2
12960	2
12980	7
13000	3
13020	1
13040	3
13060	2
13080	3
13100	2
13120	2
13140	4
13160	1
13180	0
13200	0
13220	2
13240	2
13260	7
13280	5
13300	1
13320	5
13340	10
13360	2
13380	1
13400	4
13420	4
13440	0
13460	4
13480	2
13500	3
13520	1
13540	6
13560	2
13580	5
13600	3
13620	4
13640	2
13660	4
13680	0
13700	1
13720	3
13740	6
13760	1
13780	5
13800	4
13820	6
13840	2
13860	6
13880	5
13900	9
13920	1
13940	1
13960	3
13980	4
14000	1
14020	3
14040	2
14060	4
14080	2
14100	3
14120	2
14140	0
14160	1
14180	3
14200	2
14220	2
14240	5
14260	5
14280	7
14300	3
14320	2
14340	3
14360	3
14380	2
14400	2
14420	1
14440	1
14460	1
14480	4
14500	4
14520	4
14540	3
14560	2
14580	3
14600	3
14620	2
14640	3
14660	4
14680	3
14700	1
14720	4
14740	3
14760	4
14780	1
14800	2
14820	2
14840	3
14860	2
14880	3
14900	2
14920	0
14940	5
14960	3
14980	4
15000	2
15020	5
15040	4
15060	3
15080	5
15100	3
15120	0
15140	2
15160	7
15180	2
15200	5
15220	2
15240	5
15260	5
15280	4
15300	2
15320	1
15340	2
15360	3
15380	2
15400	2
15420	6
15440	4
15460	2
15480	2
15500	4
15520	5
15540	3
15560	1
15580	4
15600	2
15620	3
15640	4
15660	4
15680	1
15700	0
15720	5
15740	2
15760	4
15780	2
15800	4
15820	2
15840	2
15860	6
15880	3
15900	3
15920	2
15940	2
15960	3
15980	3
16000	4
16020	2
16040	5
16060	4
16080	2
16100	1
16120	2
16140	3
16160	3
16180	2
16200	5
16220	2
16240	4
16260	5
16280	5
16300	5
16320	6
16340	0
16360	7
16380	4
16400	5
16420	4
16440	1
16460	1
16480	5
16500	6
16520	7
16540	2
16560	2
16580	2
16600	2
16620	6
16640	1
16660	2
16680	1
16700	2
16720	3
16740	3
16760	8
16780	3
16800	2
16820	3
16840	4
16860	3
16880	5
16900	3
16920	8
16940	5
16960	2
16980	3
17000	4
17020	2
17040	6
17060	3
17080	4
17100	4
17120	2
17140	3
17160	8
17180	2
17200	3
17220	2
17240	4
17260	2
17280	1
17300	8
17320	3
17340	8
17360	6
17380	3
17400	3
17420	3
17440	5
17460	3
17480	1
17500	5
17520	2
17540	1
17560	2
17580	3
17600	2
17620	2
17640	3
17660	1
17680	2
17700	5
17720	4
17740	3
17760	2
17780	2
17800	5
17820	4
17840	2
17860	5
17880	5
17900	1
17920	3
17940	3
17960	3
17980	1
18000	2
18020	3
18040	3
18060	3
18080	2
18100	1
18120	6
18140	2
18160	4
18180	1
18200	1
18220	2
18240	1
18260	3
18280	3
18300	2
18320	5
18340	0
18360	2
18380	4
18400	1
18420	2
18440	1
18460	1
18480	1
18500	1
18520	4
18540	3
18560	2
18580	2
18600	3
18620	3
18640	2
18660	2
18680	4
18700	5
18720	2
18740	3
18760	2
18780	1
18800	2
18820	3
18840	6
18860	1
18880	2
18900	3
18920	3
18940	5
18960	3
18980	0
19000	0
19020	6
19040	1
19060	2
19080	2
19100	1
19120	3
19140	1
19160	3
19180	6
19200	0
19220	6
19240	5
19260	3
19280	3
19300	6
19320	3
19340	4
19360	5
19380	2
19400	4
19420	6
19440	1
19460	2
19480	3
19500	4
19520	4
19540	3
19560	0
19580	0
19600	4
19620	3
19640	0
19660	2
19680	2
19700	4
19720	4
19740	2
19760	3
19780	4
19800	4
19820	3
19840	2
19860	1
19880	2
19900	2
19920	1
19940	3
19960	3
19980	1
