"Time differences (ps)"	"Counts per bin"
-20000	2
-19980	0
-19960	2
-19940	1
-19920	1
-19900	1
-19880	1
-19860	2
-19840	3
-19820	1
-19800	2
-19780	1
-19760	1
-19740	0
-19720	2
-19700	3
-19680	0
-19660	1
-19640	2
-19620	1
-19600	3
-19580	0
-19560	0
-19540	1
-19520	0
-19500	2
-19480	1
-19460	2
-19440	1
-19420	3
-19400	1
-19380	3
-19360	1
-19340	1
-19320	0
-19300	0
-19280	1
-19260	3
-19240	4
-19220	2
-19200	1
-19180	1
-19160	2
-19140	0
-19120	2
-19100	3
-19080	4
-19060	1
-19040	0
-19020	1
-19000	0
-18980	0
-18960	2
-18940	0
-18920	3
-18900	1
-18880	2
-18860	3
-18840	0
-18820	1
-18800	1
-18780	1
-18760	1
-18740	1
-18720	2
-18700	0
-18680	3
-18660	2
-18640	1
-18620	3
-18600	0
-18580	3
-18560	2
-18540	2
-18520	1
-18500	0
-18480	5
-18460	2
-18440	2
-18420	4
-18400	0
-18380	2
-18360	5
-18340	2
-18320	1
-18300	0
-18280	0
-18260	3
-18240	1
-18220	4
-18200	1
-18180	2
-18160	0
-18140	1
-18120	0
-18100	0
-18080	0
-18060	1
-18040	1
-18020	2
-18000	3
-17980	1
-17960	1
-17940	2
-17920	1
-17900	0
-17880	0
-17860	2
-17840	3
-17820	2
-17800	1
-17780	1
-17760	1
-17740	2
-17720	3
-17700	3
-17680	0
-17660	1
-17640	1
-17620	1
-17600	1
-17580	2
-17560	4
-17540	2
-17520	2
-17500	0
-17480	3
-17460	4
-17440	0
-17420	1
-17400	2
-17380	0
-17360	2
-17340	3
-17320	3
-17300	0
-17280	3
-17260	2
-17240	1
-17220	2
-17200	3
-17180	4
-17160	1
-17140	3
-17120	0
-17100	1
-17080	2
-17060	3
-17040	0
-17020	1
-17000	3
-16980	1
-16960	2
-16940	0
-16920	0
-16900	3
-16880	1
-16860	4
-16840	0
-16820	0
-16800	0
-16780	1
-16760	0
-16740	3
-16720	2
-16700	3
-16680	5
-16660	2
-16640	3
-16620	1
-16600	3
-16580	0
-16560	0
-16540	4
-16520	3
-16500	2
-16480	3
-16460	2
-16440	0
-16420	0
-16400	2
-16380	2
-16360	5
-16340	1
-16320	2
-16300	2
-16280	1
-16260	3
-16240	1
-16220	3
-16200	4
-16180	1
-16160	1
-16140	0
-16120	1
-16100	1
-16080	1
-16060	1
-16040	4
-16020	1
-16000	0
-15980	1
-15960	0
-15940	5
-15920	1
-15900	3
-15880	1
-15860	1
-15840	1
-15820	1
-15800	6
-15780	3
-15760	5
-15740	14
-15720	21
-15700	33
-15680	25
-15660	12
-15640	4
-15620	4
-15600	0
-15580	0
-15560	2
-15540	0
-15520	2
-15500	4
-15480	3
-15460	2
-15440	1
-15420	2
-15400	2
-15380	3
-15360	0
-15340	3
-15320	3
-15300	1
-15280	1
-15260	2
-15240	1
-15220	5
-15200	1
-15180	2
-15160	2
-15140	0
-15120	0
-15100	0
-15080	2
-15060	3
-15040	3
-15020	1
-15000	1
-14980	0
-14960	2
-14940	6
-14920	1
-14900	2
-14880	4
-14860	0
-14840	0
-14820	1
-14800	2
-14780	3
-14760	3
-14740	5
-14720	2
-14700	3
-14680	2
-14660	2
-14640	2
-14620	1
-14600	0
-14580	2
-14560	0
-14540	1
-14520	6
-14500	3
-14480	0
-14460	1
-14440	1
-14420	1
-14400	2
-14380	3
-14360	1
-14340	1
-14320	1
-14300	1
-14280	1
-14260	5
-14240	0
-14220	4
-14200	3
-14180	2
-14160	3
-14140	2
-14120	3
-14100	2
-14080	2
-14060	2
-14040	0
-14020	1
-14000	4
-13980	2
-13960	0
-13940	1
-13920	4
-13900	2
-13880	1
-13860	1
-13840	1
-13820	1
-13800	1
-13780	2
-13760	2
-13740	1
-13720	3
-13700	3
-13680	2
-13660	0
-13640	0
-13620	3
-13600	2
-13580	0
-13560	3
-13540	3
-13520	0
-13500	4
-13480	0
-13460	1
-13440	1
-13420	1
-13400	2
-13380	1
-13360	6
-13340	6
-13320	2
-13300	1
-13280	5
-13260	4
-13240	2
-13220	2
-13200	0
-13180	3
-13160	3
-13140	2
-13120	1
-13100	1
-13080	1
-13060	1
-13040	1
-13020	1
-13000	2
-12980	2
-12960	3
-12940	4
-12920	1
-12900	2
-12880	1
-12860	3
-12840	3
-12820	4
-12800	2
-12780	4
-12760	3
-12740	1
-12720	6
-12700	5
-12680	3
-12660	17
-12640	25
-12620	52
-12600	95
-12580	275
-12560	753
-12540	1991
-12520	4792
-12500	7436
-12480	5157
-12460	1442
-12440	285
-12420	58
-12400	8
-12380	6
-12360	3
-12340	2
-12320	5
-12300	5
-12280	2
-12260	0
-12240	0
-12220	3
-12200	2
-12180	0
-12160	1
-12140	0
-12120	0
-12100	2
-12080	3
-12060	2
-12040	4
-12020	1
-12000	2
-11980	2
-11960	0
-11940	1
-11920	0
-11900	2
-11880	0
-11860	1
-11840	3
-11820	1
-11800	0
-11780	4
-11760	1
-11740	2
-11720	1
-11700	2
-11680	2
-11660	1
-11640	0
-11620	4
-11600	1
-11580	0
-11560	2
-11540	1
-11520	0
-11500	2
-11480	0
-11460	1
-11440	1
-11420	0
-11400	2
-11380	0
-11360	0
-11340	2
-11320	1
-11300	1
-11280	1
-11260	2
-11240	0
-11220	0
-11200	1
-11180	0
-11160	0
-11140	1
-11120	6
-11100	11
-11080	11
-11060	5
-11040	3
-11020	1
-11000	1
-10980	0
-10960	2
-10940	1
-10920	3
-10900	2
-10880	0
-10860	0
-10840	2
-10820	0
-10800	1
-10780	2
-10760	0
-10740	0
-10720	0
-10700	1
-10680	0
-10660	3
-10640	1
-10620	2
-10600	0
-10580	1
-10560	2
-10540	0
-10520	0
-10500	0
-10480	0
-10460	3
-10440	1
-10420	2
-10400	2
-10380	0
-10360	3
-10340	0
-10320	1
-10300	0
-10280	2
-10260	1
-10240	0
-10220	0
-10200	2
-10180	0
-10160	1
-10140	0
-10120	1
-10100	1
-10080	0
-10060	1
-10040	0
-10020	2
-10000	1
-9980	0
-9960	3
-9940	0
-9920	1
-9900	0
-9880	0
-9860	0
-9840	2
-9820	2
-9800	0
-9780	0
-9760	2
-9740	1
-9720	2
-9700	0
-9680	0
-9660	2
-9640	2
-9620	1
-9600	1
-9580	1
-9560	1
-9540	3
-9520	1
-9500	0
-9480	3
-9460	0
-9440	0
-9420	2
-9400	3
-9380	1
-9360	1
-9340	1
-9320	2
-9300	0
-9280	1
-9260	0
-9240	2
-9220	3
-9200	1
-9180	0
-9160	1
-9140	0
-9120	1
-9100	2
-9080	1
-9060	1
-9040	0
-9020	0
-9000	1
-8980	2
-8960	2
-8940	1
-8920	1
-8900	1
-8880	0
-8860	0
-8840	1
-8820	0
-8800	2
-8780	0
-8760	0
-8740	2
-8720	1
-8700	0
-8680	3
-8660	2
-8640	3
-8620	0
-8600	1
-8580	0
-8560	1
-8540	2
-8520	3
-8500	4
-8480	7
-8460	0
-8440	0
-8420	0
-8400	1
-8380	0
-8360	1
-8340	0
-8320	0
-8300	0
-8280	1
-8260	2
-8240	1
-8220	1
-8200	0
-8180	2
-8160	1
-8140	1
-8120	2
-8100	0
-8080	1
-8060	2
-8040	1
-8020	1
-8000	2
-7980	0
-7960	0
-7940	1
-7920	2
-7900	3
-7880	0
-7860	0
-7840	0
-7820	0
-7800	1
-7780	1
-7760	1
-7740	2
-7720	2
-7700	3
-7680	2
-7660	2
-7640	5
-7620	1
-7600	4
-7580	0
-7560	0
-7540	1
-7520	0
-7500	2
-7480	0
-7460	0
-7440	3
-7420	1
-7400	2
-7380	1
-7360	1
-7340	3
-7320	4
-7300	0
-7280	1
-7260	1
-7240	1
-7220	2
-7200	0
-7180	1
-7160	2
-7140	0
-7120	2
-7100	1
-7080	1
-7060	0
-7040	3
-7020	0
-7000	1
-6980	0
-6960	3
-6940	1
-6920	0
-6900	0
-6880	0
-6860	1
-6840	0
-6820	3
-6800	2
-6780	0
-6760	0
-6740	1
-6720	1
-6700	2
-6680	0
-6660	1
-6640	1
-6620	1
-6600	0
-6580	3
-6560	2
-6540	0
-6520	0
-6500	1
-6480	0
-6460	0
-6440	2
-6420	1
-6400	0
-6380	2
-6360	3
-6340	0
-6320	0
-6300	0
-6280	1
-6260	2
-6240	2
-6220	1
-6200	3
-6180	2
-6160	1
-6140	2
-6120	3
-6100	1
-6080	1
-6060	1
-6040	0
-6020	3
-6000	1
-5980	1
-5960	3
-5940	3
-5920	2
-5900	1
-5880	0
-5860	0
-5840	2
-5820	1
-5800	0
-5780	1
-5760	0
-5740	1
-5720	2
-5700	0
-5680	2
-5660	1
-5640	1
-5620	0
-5600	1
-5580	1
-5560	2
-5540	0
-5520	1
-5500	2
-5480	0
-5460	0
-5440	3
-5420	1
-5400	1
-5380	1
-5360	1
-5340	0
-5320	0
-5300	0
-5280	1
-5260	0
-5240	0
-5220	2
-5200	1
-5180	0
-5160	2
-5140	2
-5120	1
-5100	3
-5080	2
-5060	0
-5040	3
-5020	2
-5000	0
-4980	2
-4960	2
-4940	1
-4920	3
-4900	0
-4880	1
-4860	7
-4840	0
-4820	1
-4800	1
-4780	1
-4760	1
-4740	1
-4720	0
-4700	1
-4680	1
-4660	2
-4640	2
-4620	0
-4600	1
-4580	1
-4560	1
-4540	2
-4520	1
-4500	1
-4480	0
-4460	1
-4440	3
-4420	2
-4400	0
-4380	1
-4360	0
-4340	3
-4320	1
-4300	0
-4280	3
-4260	0
-4240	4
-4220	2
-4200	1
-4180	2
-4160	0
-4140	1
-4120	2
-4100	2
-4080	0
-4060	7
-4040	4
-4020	2
-4000	3
-3980	2
-3960	2
-3940	2
-3920	1
-3900	3
-3880	1
-3860	1
-3840	3
-3820	1
-3800	1
-3780	0
-3760	4
-3740	4
-3720	0
-3700	1
-3680	0
-3660	1
-3640	1
-3620	0
-3600	2
-3580	2
-3560	1
-3540	1
-3520	2
-3500	2
-3480	2
-3460	3
-3440	1
-3420	2
-3400	2
-3380	3
-3360	1
-3340	4
-3320	2
-3300	7
-3280	2
-3260	9
-3240	16
-3220	19
-3200	37
-3180	18
-3160	6
-3140	5
-3120	3
-3100	1
-3080	1
-3060	1
-3040	2
-3020	0
-3000	2
-2980	2
-2960	3
-2940	1
-2920	4
-2900	4
-2880	2
-2860	1
-2840	2
-2820	0
-2800	2
-2780	0
-2760	0
-2740	2
-2720	1
-2700	1
-2680	1
-2660	3
-2640	0
-2620	2
-2600	0
-2580	2
-2560	4
-2540	2
-2520	1
-2500	0
-2480	1
-2460	1
-2440	4
-2420	2
-2400	2
-2380	2
-2360	3
-2340	4
-2320	2
-2300	1
-2280	1
-2260	0
-2240	0
-2220	3
-2200	2
-2180	1
-2160	2
-2140	1
-2120	0
-2100	3
-2080	2
-2060	1
-2040	1
-2020	2
-2000	0
-1980	1
-1960	0
-1940	0
-1920	2
-1900	2
-1880	1
-1860	1
-1840	3
-1820	1
-1800	4
-1780	1
-1760	0
-1740	0
-1720	3
-1700	1
-1680	3
-1660	4
-1640	0
-1620	1
-1600	0
-1580	3
-1560	1
-1540	3
-1520	5
-1500	2
-1480	1
-1460	3
-1440	0
-1420	2
-1400	1
-1380	4
-1360	0
-1340	0
-1320	2
-1300	0
-1280	2
-1260	2
-1240	4
-1220	1
-1200	0
-1180	2
-1160	2
-1140	2
-1120	5
-1100	2
-1080	2
-1060	0
-1040	0
-1020	4
-1000	4
-980	2
-960	1
-940	1
-920	3
-900	3
-880	2
-860	1
-840	2
-820	0
-800	0
-780	3
-760	4
-740	3
-720	4
-700	1
-680	1
-660	1
-640	4
-620	0
-600	0
-580	2
-560	1
-540	1
-520	0
-500	1
-480	1
-460	3
-440	1
-420	1
-400	0
-380	0
-360	2
-340	1
-320	2
-300	3
-280	3
-260	0
-240	3
-220	3
-200	10
-180	6
-160	19
-140	18
-120	46
-100	78
-80	170
-60	398
-40	1137
-20	2300
0	1727
20	321
40	58
60	14
80	2
100	4
120	4
140	6
160	6
180	5
200	2
220	1
240	2
260	4
280	5
300	1
320	2
340	5
360	4
380	3
400	7
420	3
440	2
460	1
480	3
500	3
520	5
540	7
560	4
580	2
600	4
620	3
640	4
660	3
680	2
700	3
720	3
740	3
760	2
780	4
800	4
820	6
840	8
860	5
880	1
900	3
920	2
940	6
960	2
980	3
1000	2
1020	2
1040	0
1060	2
1080	0
1100	4
1120	1
1140	3
1160	2
1180	1
1200	3
1220	2
1240	4
1260	2
1280	2
1300	2
1320	1
1340	1
1360	7
1380	6
1400	11
1420	9
1440	6
1460	4
1480	5
1500	4
1520	4
1540	0
1560	2
1580	3
1600	1
1620	3
1640	3
1660	5
1680	5
1700	3
1720	1
1740	7
1760	3
1780	2
1800	2
1820	3
1840	2
1860	3
1880	3
1900	2
1920	4
1940	3
1960	3
1980	2
2000	6
2020	6
2040	4
2060	4
2080	3
2100	5
2120	2
2140	3
2160	4
2180	4
2200	5
2220	4
2240	5
2260	4
2280	5
2300	5
2320	4
2340	1
2360	3
2380	4
2400	2
2420	3
2440	4
2460	8
2480	0
2500	5
2520	2
2540	4
2560	2
2580	6
2600	3
2620	5
2640	2
2660	2
2680	2
2700	5
2720	2
2740	5
2760	4
2780	1
2800	1
2820	1
2840	1
2860	4
2880	5
2900	1
2920	0
2940	4
2960	3
2980	2
3000	2
3020	5
3040	4
3060	5
3080	5
3100	0
3120	4
3140	3
3160	5
3180	2
3200	2
3220	2
3240	4
3260	1
3280	4
3300	6
3320	3
3340	2
3360	0
3380	4
3400	7
3420	6
3440	2
3460	5
3480	1
3500	2
3520	6
3540	1
3560	3
3580	5
3600	1
3620	2
3640	2
3660	3
3680	0
3700	1
3720	1
3740	3
3760	4
3780	1
3800	1
3820	6
3840	3
3860	4
3880	4
3900	0
3920	0
3940	7
3960	5
3980	2
4000	10
4020	10
4040	6
4060	3
4080	2
4100	3
4120	5
4140	4
4160	2
4180	6
4200	3
4220	3
4240	3
4260	4
4280	5
4300	4
4320	4
4340	3
4360	2
4380	5
4400	2
4420	3
4440	1
4460	3
4480	3
4500	4
4520	2
4540	6
4560	1
4580	2
4600	6
4620	5
4640	6
4660	5
4680	1
4700	3
4720	3
4740	3
4760	4
4780	5
4800	7
4820	2
4840	5
4860	5
4880	3
4900	4
4920	5
4940	6
4960	2
4980	5
5000	4
5020	2
5040	2
5060	2
5080	5
5100	2
5120	4
5140	4
5160	2
5180	2
5200	3
5220	5
5240	4
5260	5
5280	4
5300	3
5320	2
5340	2
5360	4
5380	1
5400	3
5420	3
5440	3
5460	1
5480	5
5500	9
5520	0
5540	6
5560	4
5580	7
5600	0
5620	3
5640	4
5660	1
5680	1
5700	0
5720	2
5740	2
5760	8
5780	2
5800	4
5820	4
5840	4
5860	7
5880	1
5900	0
5920	2
5940	1
5960	3
5980	3
6000	1
6020	2
6040	2
6060	2
6080	3
6100	6
6120	3
6140	6
6160	3
6180	5
6200	3
6220	6
6240	7
6260	2
6280	3
6300	6
6320	5
6340	5
6360	3
6380	0
6400	4
6420	1
6440	1
6460	9
6480	3
6500	1
6520	4
6540	2
6560	9
6580	5
6600	2
6620	5
6640	4
6660	0
6680	4
6700	4
6720	5
6740	4
6760	8
6780	2
6800	3
6820	4
6840	2
6860	4
6880	5
6900	3
6920	2
6940	3
6960	2
6980	3
7000	4
7020	4
7040	1
7060	1
7080	5
7100	1
7120	4
7140	1
7160	3
7180	4
7200	2
7220	7
7240	5
7260	1
7280	4
7300	4
7320	5
7340	3
7360	1
7380	1
7400	5
7420	2
7440	5
7460	2
7480	6
7500	3
7520	3
7540	2
7560	0
7580	4
7600	5
7620	5
7640	3
7660	5
7680	1
7700	1
7720	2
7740	3
7760	7
7780	7
7800	4
7820	2
7840	3
7860	5
7880	1
7900	5
7920	3
7940	3
7960	8
7980	4
8000	3
8020	4
8040	4
8060	4
8080	5
8100	3
8120	2
8140	3
8160	3
8180	5
8200	7
8220	4
8240	1
8260	7
8280	2
8300	3
8320	4
8340	5
8360	4
8380	2
8400	8
8420	2
8440	6
8460	2
8480	4
8500	9
8520	3
8540	1
8560	2
8580	1
8600	4
8620	5
8640	9
8660	3
8680	4
8700	5
8720	3
8740	3
8760	5
8780	2
8800	1
8820	4
8840	2
8860	4
8880	4
8900	3
8920	1
8940	3
8960	3
8980	2
9000	5
9020	4
9040	2
9060	1
9080	5
9100	3
9120	2
9140	3
9160	2
9180	5
9200	3
9220	7
9240	18
9260	33
9280	37
9300	26
9320	11
9340	9
9360	9
9380	6
9400	3
9420	4
9440	3
9460	5
9480	2
9500	2
9520	3
9540	2
9560	6
9580	3
9600	1
9620	5
9640	4
9660	7
9680	6
9700	2
9720	4
9740	4
9760	10
9780	5
9800	4
9820	2
9840	6
9860	3
9880	1
9900	6
9920	5
9940	6
9960	5
9980	4
10000	5
10020	3
10040	4
10060	3
10080	0
10100	3
10120	1
10140	4
10160	5
10180	2
10200	4
10220	4
10240	7
10260	2
10280	3
10300	3
10320	4
10340	8
10360	3
10380	4
10400	6
10420	8
10440	2
10460	2
10480	6
10500	5
10520	2
10540	6
10560	4
10580	1
10600	5
10620	3
10640	4
10660	4
10680	6
10700	3
10720	3
10740	6
10760	9
10780	5
10800	2
10820	9
10840	4
10860	2
10880	4
10900	2
10920	6
10940	6
10960	4
10980	5
11000	3
11020	5
11040	4
11060	6
11080	3
11100	6
11120	4
11140	4
11160	4
11180	7
11200	3
11220	7
11240	4
11260	2
11280	3
11300	4
11320	4
11340	5
11360	6
11380	2
11400	5
11420	0
11440	7
11460	7
11480	4
11500	0
11520	2
11540	3
11560	5
11580	10
11600	5
11620	6
11640	1
11660	3
11680	5
11700	2
11720	5
11740	2
11760	2
11780	4
11800	8
11820	5
11840	3
11860	2
11880	3
11900	5
11920	5
11940	5
11960	1
11980	3
12000	7
12020	4
12040	3
12060	5
12080	6
12100	2
12120	7
12140	5
12160	2
12180	6
12200	7
12220	7
12240	7
12260	14
12280	13
12300	28
12320	21
12340	33
12360	84
12380	154
12400	413
12420	1161
12440	3046
12460	6184
12480	7013
12500	3134
12520	760
12540	158
12560	43
12580	24
12600	13
12620	12
12640	17
12660	10
12680	7
12700	5
12720	3
12740	0
12760	3
12780	2
12800	3
12820	0
12840	7
12860	2
12880	2
12900	3
12920	1
12940	3
12960	2
12980	3
13000	1
13020	2
13040	4
13060	4
13080	3
13100	6
13120	1
13140	4
13160	3
13180	2
13200	8
13220	2
13240	6
13260	6
13280	3
13300	8
13320	7
13340	6
13360	3
13380	4
13400	3
13420	4
13440	5
13460	3
13480	3
13500	4
13520	1
13540	1
13560	5
13580	3
13600	5
13620	2
13640	2
13660	4
13680	5
13700	3
13720	5
13740	5
13760	1
13780	3
13800	2
13820	5
13840	7
13860	8
13880	6
13900	8
13920	3
13940	3
13960	3
13980	2
14000	4
14020	4
14040	1
14060	2
14080	2
14100	2
14120	2
14140	3
14160	3
14180	3
14200	3
14220	5
14240	2
14260	1
14280	1
14300	4
14320	0
14340	2
14360	1
14380	4
14400	1
14420	3
14440	8
14460	2
14480	1
14500	4
14520	6
14540	1
14560	2
14580	6
14600	3
14620	2
14640	2
14660	1
14680	4
14700	1
14720	2
14740	3
14760	2
14780	3
14800	4
14820	3
14840	2
14860	2
14880	0
14900	2
14920	3
14940	5
14960	3
14980	0
15000	2
15020	4
15040	1
15060	0
15080	4
15100	2
15120	4
15140	4
15160	6
15180	2
15200	0
15220	2
15240	3
15260	3
15280	0
15300	5
15320	3
15340	2
15360	3
15380	6
15400	6
15420	2
15440	2
15460	1
15480	6
15500	4
15520	2
15540	3
15560	1
15580	2
15600	1
15620	5
15640	2
15660	1
15680	0
15700	3
15720	2
15740	2
15760	2
15780	4
15800	3
15820	4
15840	2
15860	2
15880	5
15900	5
15920	4
15940	0
15960	2
15980	1
16000	3
16020	5
16040	5
16060	0
16080	3
16100	2
16120	3
16140	3
16160	1
16180	2
16200	2
16220	4
16240	2
16260	5
16280	3
16300	4
16320	1
16340	5
16360	3
16380	4
16400	3
16420	5
16440	7
16460	5
16480	2
16500	4
16520	4
16540	8
16560	4
16580	4
16600	4
16620	0
16640	2
16660	3
16680	7
16700	1
16720	2
16740	3
16760	3
16780	3
16800	2
16820	4
16840	4
16860	2
16880	2
16900	2
16920	2
16940	3
16960	6
16980	3
17000	2
17020	1
17040	6
17060	1
17080	2
17100	3
17120	2
17140	1
17160	1
17180	3
17200	5
17220	0
17240	4
17260	3
17280	6
17300	3
17320	3
17340	7
17360	2
17380	6
17400	1
17420	2
17440	1
17460	2
17480	4
17500	1
17520	2
17540	2
17560	3
17580	5
17600	4
17620	5
17640	5
17660	4
17680	1
17700	3
17720	5
17740	5
17760	3
17780	2
17800	2
17820	2
17840	3
17860	1
17880	3
17900	4
17920	3
17940	5
17960	2
17980	3
18000	2
18020	2
18040	5
18060	3
18080	5
18100	3
18120	2
18140	3
18160	0
18180	2
18200	2
18220	2
18240	1
18260	2
18280	3
18300	1
18320	3
18340	2
18360	2
18380	6
18400	5
18420	4
18440	3
18460	3
18480	3
18500	3
18520	5
18540	11
18560	3
18580	1
18600	2
18620	4
18640	1
18660	4
18680	6
18700	3
18720	3
18740	1
18760	4
18780	0
18800	0
18820	3
18840	3
18860	4
18880	5
18900	4
18920	0
18940	2
18960	4
18980	7
19000	4
19020	3
19040	0
19060	2
19080	5
19100	5
19120	5
19140	1
19160	3
19180	2
19200	3
19220	3
19240	6
19260	4
19280	2
19300	2
19320	3
19340	4
19360	2
19380	5
19400	2
19420	5
19440	1
19460	0
19480	3
19500	1
19520	4
19540	3
19560	1
19580	3
19600	4
19620	5
19640	3
19660	6
19680	3
19700	5
19720	9
19740	2
19760	5
19780	2
19800	1
19820	2
19840	2
19860	2
19880	2
19900	2
19920	3
19940	2
19960	3
19980	1
