"Time differences (ps)"	"Counts per bin"
-20000	2
-19980	0
-19960	1
-19940	0
-19920	1
-19900	2
-19880	5
-19860	2
-19840	1
-19820	2
-19800	4
-19780	0
-19760	1
-19740	0
-19720	0
-19700	3
-19680	3
-19660	5
-19640	3
-19620	4
-19600	1
-19580	3
-19560	2
-19540	0
-19520	2
-19500	1
-19480	1
-19460	1
-19440	2
-19420	1
-19400	3
-19380	1
-19360	0
-19340	2
-19320	1
-19300	1
-19280	1
-19260	0
-19240	3
-19220	3
-19200	2
-19180	3
-19160	1
-19140	3
-19120	1
-19100	1
-19080	1
-19060	3
-19040	3
-19020	0
-19000	4
-18980	3
-18960	1
-18940	0
-18920	1
-18900	1
-18880	1
-18860	3
-18840	2
-18820	1
-18800	4
-18780	1
-18760	1
-18740	1
-18720	0
-18700	1
-18680	1
-18660	1
-18640	1
-18620	2
-18600	0
-18580	0
-18560	2
-18540	5
-18520	3
-18500	5
-18480	0
-18460	4
-18440	1
-18420	1
-18400	3
-18380	2
-18360	2
-18340	1
-18320	3
-18300	2
-18280	4
-18260	0
-18240	3
-18220	3
-18200	0
-18180	3
-18160	3
-18140	1
-18120	2
-18100	0
-18080	0
-18060	1
-18040	0
-18020	2
-18000	1
-17980	2
-17960	0
-17940	3
-17920	1
-17900	1
-17880	0
-17860	0
-17840	1
-17820	1
-17800	0
-17780	4
-17760	0
-17740	2
-17720	1
-17700	2
-17680	2
-17660	1
-17640	3
-17620	0
-17600	4
-17580	3
-17560	2
-17540	2
-17520	1
-17500	0
-17480	1
-17460	2
-17440	0
-17420	4
-17400	2
-17380	1
-17360	0
-17340	2
-17320	1
-17300	0
-17280	3
-17260	4
-17240	3
-17220	2
-17200	0
-17180	1
-17160	4
-17140	1
-17120	2
-17100	7
-17080	4
-17060	4
-17040	3
-17020	1
-17000	2
-16980	5
-16960	2
-16940	2
-16920	3
-16900	2
-16880	2
-16860	0
-16840	2
-16820	2
-16800	3
-16780	5
-16760	0
-16740	1
-16720	2
-16700	2
-16680	4
-16660	3
-16640	2
-16620	5
-16600	2
-16580	2
-16560	1
-16540	4
-16520	2
-16500	4
-16480	1
-16460	1
-16440	1
-16420	3
-16400	3
-16380	5
-16360	2
-16340	2
-16320	2
-16300	2
-16280	2
-16260	0
-16240	0
-16220	4
-16200	4
-16180	5
-16160	0
-16140	1
-16120	5
-16100	1
-16080	2
-16060	0
-16040	1
-16020	0
-16000	5
-15980	3
-15960	1
-15940	3
-15920	4
-15900	2
-15880	4
-15860	4
-15840	0
-15820	1
-15800	4
-15780	4
-15760	1
-15740	7
-15720	15
-15700	15
-15680	10
-15660	4
-15640	4
-15620	1
-15600	2
-15580	0
-15560	3
-15540	2
-15520	2
-15500	3
-15480	1
-15460	2
-15440	1
-15420	0
-15400	4
-15380	2
-15360	2
-15340	2
-15320	0
-15300	3
-15280	1
-15260	5
-15240	1
-15220	2
-15200	0
-15180	1
-15160	1
-15140	2
-15120	3
-15100	2
-15080	1
-15060	4
-15040	4
-15020	1
-15000	4
-14980	0
-14960	1
-14940	1
-14920	1
-14900	2
-14880	2
-14860	3
-14840	1
-14820	1
-14800	2
-14780	1
-14760	1
-14740	2
-14720	2
-14700	3
-14680	4
-14660	1
-14640	3
-14620	2
-14600	2
-14580	0
-14560	3
-14540	1
-14520	4
-14500	1
-14480	1
-14460	3
-14440	3
-14420	0
-14400	3
-14380	4
-14360	3
-14340	0
-14320	4
-14300	6
-14280	3
-14260	2
-14240	2
-14220	2
-14200	1
-14180	4
-14160	4
-14140	4
-14120	6
-14100	1
-14080	3
-14060	2
-14040	4
-14020	1
-14000	0
-13980	4
-13960	1
-13940	2
-13920	1
-13900	3
-13880	0
-13860	2
-13840	2
-13820	1
-13800	1
-13780	0
-13760	0
-13740	0
-13720	6
-13700	3
-13680	1
-13660	2
-13640	2
-13620	3
-13600	3
-13580	1
-13560	2
-13540	1
-13520	2
-13500	4
-13480	3
-13460	4
-13440	4
-13420	2
-13400	0
-13380	3
-13360	5
-13340	1
-13320	2
-13300	1
-13280	2
-13260	6
-13240	5
-13220	0
-13200	2
-13180	5
-13160	2
-13140	4
-13120	5
-13100	1
-13080	4
-13060	6
-13040	2
-13020	3
-13000	1
-12980	3
-12960	2
-12940	0
-12920	3
-12900	4
-12880	4
-12860	2
-12840	3
-12820	3
-12800	4
-12780	3
-12760	5
-12740	5
-12720	5
-12700	12
-12680	16
-12660	23
-12640	45
-12620	86
-12600	194
-12580	464
-12560	1096
-12540	2313
-12520	4527
-12500	6525
-12480	4695
-12460	1381
-12440	266
-12420	39
-12400	10
-12380	5
-12360	3
-12340	6
-12320	2
-12300	1
-12280	0
-12260	3
-12240	1
-12220	2
-12200	4
-12180	3
-12160	2
-12140	1
-12120	3
-12100	1
-12080	1
-12060	0
-12040	2
-12020	3
-12000	3
-11980	0
-11960	0
-11940	2
-11920	0
-11900	1
-11880	3
-11860	0
-11840	0
-11820	0
-11800	4
-11780	2
-11760	0
-11740	2
-11720	3
-11700	3
-11680	2
-11660	6
-11640	4
-11620	2
-11600	3
-11580	0
-11560	3
-11540	3
-11520	1
-11500	3
-11480	2
-11460	0
-11440	1
-11420	0
-11400	1
-11380	1
-11360	0
-11340	2
-11320	0
-11300	1
-11280	0
-11260	3
-11240	1
-11220	2
-11200	2
-11180	2
-11160	3
-11140	4
-11120	5
-11100	7
-11080	9
-11060	4
-11040	1
-11020	6
-11000	0
-10980	1
-10960	0
-10940	1
-10920	0
-10900	0
-10880	2
-10860	1
-10840	1
-10820	0
-10800	0
-10780	0
-10760	1
-10740	0
-10720	1
-10700	2
-10680	1
-10660	0
-10640	0
-10620	2
-10600	1
-10580	2
-10560	0
-10540	0
-10520	1
-10500	1
-10480	1
-10460	0
-10440	2
-10420	2
-10400	3
-10380	0
-10360	1
-10340	1
-10320	2
-10300	4
-10280	0
-10260	0
-10240	3
-10220	2
-10200	1
-10180	1
-10160	1
-10140	1
-10120	0
-10100	2
-10080	0
-10060	2
-10040	0
-10020	2
-10000	2
-9980	2
-9960	0
-9940	3
-9920	3
-9900	3
-9880	1
-9860	1
-9840	2
-9820	3
-9800	4
-9780	2
-9760	0
-9740	1
-9720	1
-9700	1
-9680	1
-9660	3
-9640	1
-9620	1
-9600	3
-9580	2
-9560	0
-9540	1
-9520	3
-9500	3
-9480	1
-9460	2
-9440	0
-9420	4
-9400	0
-9380	1
-9360	0
-9340	2
-9320	1
-9300	1
-9280	1
-9260	0
-9240	1
-9220	0
-9200	0
-9180	1
-9160	0
-9140	1
-9120	3
-9100	1
-9080	3
-9060	1
-9040	1
-9020	0
-9000	0
-8980	0
-8960	1
-8940	1
-8920	1
-8900	3
-8880	0
-8860	0
-8840	1
-8820	1
-8800	1
-8780	2
-8760	2
-8740	1
-8720	1
-8700	3
-8680	2
-8660	1
-8640	1
-8620	0
-8600	0
-8580	0
-8560	1
-8540	1
-8520	1
-8500	3
-8480	3
-8460	1
-8440	5
-8420	4
-8400	2
-8380	2
-8360	1
-8340	1
-8320	3
-8300	1
-8280	3
-8260	0
-8240	0
-8220	1
-8200	1
-8180	2
-8160	0
-8140	2
-8120	1
-8100	1
-8080	0
-8060	1
-8040	2
-8020	2
-8000	1
-7980	4
-7960	0
-7940	4
-7920	1
-7900	3
-7880	0
-7860	0
-7840	0
-7820	0
-7800	1
-7780	1
-7760	3
-7740	2
-7720	1
-7700	3
-7680	5
-7660	4
-7640	7
-7620	2
-7600	5
-7580	2
-7560	2
-7540	0
-7520	4
-7500	1
-7480	1
-7460	1
-7440	1
-7420	4
-7400	0
-7380	0
-7360	1
-7340	1
-7320	0
-7300	1
-7280	2
-7260	4
-7240	0
-7220	4
-7200	1
-7180	0
-7160	1
-7140	2
-7120	1
-7100	4
-7080	0
-7060	1
-7040	1
-7020	1
-7000	1
-6980	2
-6960	2
-6940	2
-6920	1
-6900	1
-6880	1
-6860	2
-6840	1
-6820	5
-6800	1
-6780	2
-6760	0
-6740	1
-6720	2
-6700	2
-6680	2
-6660	2
-6640	2
-6620	0
-6600	3
-6580	2
-6560	1
-6540	0
-6520	1
-6500	0
-6480	2
-6460	1
-6440	1
-6420	0
-6400	2
-6380	1
-6360	1
-6340	0
-6320	0
-6300	1
-6280	1
-6260	1
-6240	1
-6220	0
-6200	2
-6180	0
-6160	1
-6140	1
-6120	2
-6100	1
-6080	3
-6060	4
-6040	0
-6020	2
-6000	0
-5980	0
-5960	0
-5940	2
-5920	0
-5900	2
-5880	1
-5860	1
-5840	2
-5820	0
-5800	3
-5780	0
-5760	1
-5740	0
-5720	1
-5700	1
-5680	0
-5660	1
-5640	4
-5620	2
-5600	3
-5580	1
-5560	1
-5540	0
-5520	4
-5500	1
-5480	2
-5460	1
-5440	4
-5420	2
-5400	1
-5380	3
-5360	0
-5340	1
-5320	0
-5300	1
-5280	0
-5260	0
-5240	2
-5220	2
-5200	2
-5180	3
-5160	2
-5140	4
-5120	1
-5100	0
-5080	0
-5060	1
-5040	0
-5020	2
-5000	2
-4980	1
-4960	1
-4940	0
-4920	2
-4900	3
-4880	0
-4860	3
-4840	2
-4820	0
-4800	0
-4780	1
-4760	2
-4740	0
-4720	0
-4700	1
-4680	1
-4660	0
-4640	0
-4620	2
-4600	1
-4580	3
-4560	0
-4540	1
-4520	0
-4500	0
-4480	0
-4460	1
-4440	0
-4420	1
-4400	1
-4380	1
-4360	1
-4340	0
-4320	3
-4300	1
-4280	2
-4260	3
-4240	2
-4220	0
-4200	3
-4180	1
-4160	2
-4140	1
-4120	3
-4100	1
-4080	2
-4060	4
-4040	3
-4020	1
-4000	0
-3980	4
-3960	1
-3940	1
-3920	2
-3900	1
-3880	2
-3860	2
-3840	2
-3820	1
-3800	1
-3780	0
-3760	2
-3740	1
-3720	1
-3700	1
-3680	3
-3660	2
-3640	3
-3620	0
-3600	0
-3580	0
-3560	2
-3540	0
-3520	4
-3500	0
-3480	4
-3460	1
-3440	2
-3420	1
-3400	2
-3380	0
-3360	0
-3340	4
-3320	4
-3300	1
-3280	3
-3260	8
-3240	15
-3220	14
-3200	15
-3180	6
-3160	4
-3140	3
-3120	3
-3100	2
-3080	0
-3060	2
-3040	2
-3020	1
-3000	0
-2980	1
-2960	2
-2940	4
-2920	1
-2900	1
-2880	1
-2860	3
-2840	1
-2820	5
-2800	1
-2780	0
-2760	1
-2740	1
-2720	2
-2700	3
-2680	1
-2660	2
-2640	0
-2620	1
-2600	2
-2580	2
-2560	0
-2540	2
-2520	2
-2500	1
-2480	2
-2460	1
-2440	3
-2420	1
-2400	2
-2380	0
-2360	2
-2340	0
-2320	2
-2300	3
-2280	0
-2260	1
-2240	1
-2220	1
-2200	1
-2180	1
-2160	1
-2140	1
-2120	1
-2100	1
-2080	1
-2060	1
-2040	3
-2020	1
-2000	1
-1980	0
-1960	2
-1940	2
-1920	1
-1900	2
-1880	1
-1860	2
-1840	0
-1820	1
-1800	0
-1780	1
-1760	1
-1740	1
-1720	2
-1700	0
-1680	0
-1660	3
-1640	3
-1620	0
-1600	1
-1580	0
-1560	0
-1540	1
-1520	4
-1500	2
-1480	0
-1460	2
-1440	1
-1420	1
-1400	3
-1380	4
-1360	1
-1340	0
-1320	3
-1300	0
-1280	1
-1260	3
-1240	0
-1220	1
-1200	2
-1180	1
-1160	1
-1140	0
-1120	1
-1100	3
-1080	1
-1060	1
-1040	1
-1020	3
-1000	1
-980	2
-960	0
-940	3
-920	5
-900	3
-880	2
-860	0
-840	2
-820	0
-800	2
-780	1
-760	1
-740	5
-720	1
-700	2
-680	1
-660	0
-640	0
-620	4
-600	3
-580	3
-560	2
-540	4
-520	1
-500	2
-480	2
-460	1
-440	1
-420	3
-400	0
-380	3
-360	2
-340	2
-320	1
-300	1
-280	5
-260	1
-240	4
-220	6
-200	8
-180	14
-160	12
-140	29
-120	48
-100	70
-80	181
-60	371
-40	768
-20	1222
0	867
20	184
40	40
60	12
80	7
100	5
120	2
140	2
160	5
180	2
200	0
220	2
240	6
260	2
280	5
300	3
320	4
340	3
360	6
380	6
400	7
420	5
440	4
460	6
480	4
500	4
520	2
540	2
560	2
580	1
600	3
620	2
640	5
660	1
680	0
700	2
720	3
740	1
760	7
780	6
800	6
820	6
840	4
860	9
880	8
900	4
920	4
940	3
960	3
980	4
1000	4
1020	1
1040	0
1060	4
1080	3
1100	4
1120	0
1140	5
1160	2
1180	2
1200	4
1220	5
1240	4
1260	3
1280	2
1300	5
1320	2
1340	4
1360	5
1380	9
1400	5
1420	6
1440	4
1460	1
1480	3
1500	3
1520	2
1540	2
1560	1
1580	5
1600	3
1620	1
1640	3
1660	5
1680	4
1700	2
1720	2
1740	3
1760	4
1780	4
1800	4
1820	1
1840	0
1860	2
1880	1
1900	6
1920	3
1940	2
1960	2
1980	2
2000	1
2020	4
2040	1
2060	3
2080	7
2100	3
2120	5
2140	4
2160	3
2180	3
2200	5
2220	4
2240	1
2260	4
2280	5
2300	5
2320	4
2340	0
2360	2
2380	4
2400	2
2420	6
2440	7
2460	3
2480	1
2500	3
2520	3
2540	1
2560	6
2580	3
2600	1
2620	4
2640	0
2660	4
2680	3
2700	5
2720	3
2740	3
2760	2
2780	2
2800	5
2820	3
2840	2
2860	6
2880	4
2900	0
2920	2
2940	5
2960	1
2980	4
3000	4
3020	3
3040	1
3060	2
3080	4
3100	1
3120	3
3140	3
3160	4
3180	1
3200	3
3220	2
3240	0
3260	7
3280	2
3300	2
3320	2
3340	2
3360	3
3380	1
3400	4
3420	4
3440	5
3460	5
3480	1
3500	0
3520	1
3540	4
3560	2
3580	2
3600	6
3620	3
3640	3
3660	5
3680	4
3700	5
3720	3
3740	4
3760	1
3780	1
3800	3
3820	6
3840	5
3860	4
3880	4
3900	7
3920	1
3940	5
3960	3
3980	6
4000	8
4020	4
4040	2
4060	3
4080	2
4100	2
4120	1
4140	3
4160	4
4180	1
4200	7
4220	4
4240	1
4260	3
4280	3
4300	7
4320	2
4340	1
4360	6
4380	1
4400	2
4420	3
4440	2
4460	6
4480	5
4500	2
4520	5
4540	2
4560	0
4580	3
4600	6
4620	5
4640	2
4660	5
4680	3
4700	4
4720	5
4740	5
4760	1
4780	7
4800	4
4820	7
4840	4
4860	4
4880	6
4900	2
4920	5
4940	0
4960	3
4980	5
5000	1
5020	4
5040	2
5060	4
5080	5
5100	5
5120	1
5140	1
5160	1
5180	1
5200	1
5220	5
5240	1
5260	2
5280	2
5300	4
5320	5
5340	4
5360	4
5380	2
5400	2
5420	3
5440	4
5460	5
5480	2
5500	4
5520	0
5540	1
5560	3
5580	1
5600	6
5620	3
5640	3
5660	3
5680	4
5700	6
5720	6
5740	5
5760	3
5780	0
5800	2
5820	6
5840	2
5860	2
5880	4
5900	3
5920	1
5940	7
5960	3
5980	6
6000	2
6020	2
6040	2
6060	5
6080	4
6100	3
6120	1
6140	2
6160	4
6180	2
6200	3
6220	5
6240	3
6260	4
6280	3
6300	4
6320	4
6340	1
6360	4
6380	5
6400	1
6420	5
6440	3
6460	5
6480	5
6500	2
6520	4
6540	3
6560	3
6580	4
6600	3
6620	4
6640	2
6660	5
6680	3
6700	3
6720	3
6740	1
6760	3
6780	4
6800	1
6820	4
6840	1
6860	8
6880	2
6900	3
6920	5
6940	3
6960	1
6980	3
7000	5
7020	6
7040	1
7060	6
7080	1
7100	3
7120	2
7140	0
7160	4
7180	1
7200	5
7220	3
7240	7
7260	1
7280	1
7300	8
7320	3
7340	5
7360	1
7380	3
7400	7
7420	5
7440	6
7460	6
7480	7
7500	2
7520	3
7540	6
7560	6
7580	4
7600	4
7620	5
7640	10
7660	1
7680	3
7700	5
7720	3
7740	3
7760	1
7780	4
7800	3
7820	7
7840	5
7860	4
7880	2
7900	6
7920	5
7940	3
7960	3
7980	2
8000	5
8020	4
8040	6
8060	6
8080	6
8100	1
8120	4
8140	2
8160	8
8180	1
8200	5
8220	5
8240	1
8260	4
8280	3
8300	4
8320	2
8340	4
8360	3
8380	4
8400	4
8420	3
8440	4
8460	5
8480	7
8500	4
8520	6
8540	4
8560	4
8580	2
8600	3
8620	5
8640	2
8660	5
8680	2
8700	2
8720	0
8740	6
8760	4
8780	2
8800	4
8820	7
8840	2
8860	8
8880	9
8900	2
8920	2
8940	9
8960	1
8980	2
9000	2
9020	3
9040	3
9060	2
9080	4
9100	1
9120	7
9140	3
9160	3
9180	3
9200	8
9220	8
9240	11
9260	26
9280	17
9300	17
9320	10
9340	6
9360	3
9380	4
9400	5
9420	0
9440	6
9460	4
9480	2
9500	5
9520	4
9540	3
9560	3
9580	7
9600	6
9620	2
9640	4
9660	4
9680	5
9700	4
9720	4
9740	1
9760	7
9780	3
9800	4
9820	6
9840	1
9860	6
9880	9
9900	7
9920	2
9940	4
9960	4
9980	6
10000	5
10020	4
10040	1
10060	2
10080	7
10100	2
10120	1
10140	11
10160	2
10180	2
10200	1
10220	4
10240	3
10260	3
10280	4
10300	3
10320	3
10340	8
10360	4
10380	2
10400	1
10420	3
10440	3
10460	6
10480	1
10500	4
10520	6
10540	1
10560	6
10580	3
10600	3
10620	2
10640	2
10660	5
10680	6
10700	5
10720	6
10740	4
10760	7
10780	5
10800	1
10820	6
10840	2
10860	5
10880	4
10900	2
10920	3
10940	2
10960	4
10980	3
11000	4
11020	3
11040	3
11060	2
11080	2
11100	9
11120	4
11140	4
11160	4
11180	4
11200	10
11220	7
11240	3
11260	5
11280	8
11300	3
11320	2
11340	4
11360	1
11380	3
11400	0
11420	2
11440	5
11460	6
11480	5
11500	3
11520	3
11540	3
11560	9
11580	2
11600	3
11620	4
11640	1
11660	5
11680	4
11700	5
11720	5
11740	3
11760	3
11780	7
11800	1
11820	5
11840	3
11860	2
11880	7
11900	4
11920	4
11940	4
11960	5
11980	4
12000	0
12020	2
12040	2
12060	3
12080	6
12100	5
12120	5
12140	4
12160	3
12180	5
12200	6
12220	8
12240	10
12260	8
12280	12
12300	17
12320	32
12340	68
12360	147
12380	287
12400	645
12420	1507
12440	3319
12460	5703
12480	6476
12500	2936
12520	721
12540	146
12560	37
12580	20
12600	21
12620	16
12640	11
12660	9
12680	9
12700	6
12720	1
12740	5
12760	5
12780	3
12800	2
12820	4
12840	3
12860	4
12880	3
12900	3
12920	0
12940	4
12960	5
12980	1
13000	4
13020	4
13040	4
13060	2
13080	2
13100	1
13120	4
13140	5
13160	5
13180	7
13200	1
13220	4
13240	4
13260	2
13280	5
13300	3
13320	8
13340	4
13360	2
13380	0
13400	0
13420	5
13440	3
13460	5
13480	1
13500	3
13520	8
13540	2
13560	5
13580	4
13600	1
13620	1
13640	5
13660	4
13680	1
13700	2
13720	1
13740	3
13760	6
13780	2
13800	5
13820	3
13840	6
13860	7
13880	7
13900	10
13920	5
13940	4
13960	3
13980	2
14000	1
14020	4
14040	4
14060	1
14080	3
14100	2
14120	3
14140	3
14160	4
14180	2
14200	5
14220	3
14240	6
14260	1
14280	2
14300	1
14320	3
14340	1
14360	4
14380	2
14400	3
14420	3
14440	1
14460	5
14480	1
14500	3
14520	2
14540	5
14560	4
14580	1
14600	2
14620	2
14640	6
14660	1
14680	0
14700	6
14720	6
14740	3
14760	3
14780	3
14800	2
14820	2
14840	2
14860	3
14880	0
14900	6
14920	3
14940	9
14960	3
14980	1
15000	5
15020	1
15040	0
15060	2
15080	5
15100	3
15120	3
15140	5
15160	3
15180	2
15200	2
15220	0
15240	4
15260	5
15280	2
15300	2
15320	5
15340	3
15360	4
15380	3
15400	2
15420	0
15440	4
15460	4
15480	2
15500	7
15520	3
15540	5
15560	2
15580	2
15600	2
15620	0
15640	3
15660	3
15680	3
15700	3
15720	4
15740	2
15760	0
15780	2
15800	4
15820	4
15840	5
15860	1
15880	4
15900	5
15920	2
15940	3
15960	2
15980	4
16000	4
16020	2
16040	5
16060	3
16080	2
16100	4
16120	3
16140	3
16160	2
16180	1
16200	2
16220	2
16240	3
16260	4
16280	5
16300	5
16320	8
16340	2
16360	5
16380	6
16400	0
16420	2
16440	2
16460	6
16480	1
16500	4
16520	3
16540	5
16560	4
16580	1
16600	6
16620	1
16640	2
16660	3
16680	1
16700	3
16720	2
16740	3
16760	7
16780	4
16800	1
16820	2
16840	3
16860	2
16880	6
16900	5
16920	4
16940	2
16960	6
16980	4
17000	5
17020	1
17040	1
17060	4
17080	4
17100	3
17120	3
17140	4
17160	4
17180	3
17200	5
17220	10
17240	7
17260	3
17280	2
17300	2
17320	3
17340	1
17360	2
17380	2
17400	5
17420	0
17440	1
17460	3
17480	5
17500	5
17520	4
17540	1
17560	3
17580	3
17600	4
17620	0
17640	2
17660	1
17680	3
17700	2
17720	3
17740	3
17760	4
17780	5
17800	1
17820	5
17840	2
17860	4
17880	2
17900	0
17920	1
17940	2
17960	2
17980	4
18000	2
18020	2
18040	4
18060	0
18080	2
18100	2
18120	4
18140	3
18160	2
18180	3
18200	7
18220	5
18240	5
18260	4
18280	3
18300	2
18320	1
18340	2
18360	7
18380	4
18400	5
18420	2
18440	3
18460	5
18480	4
18500	2
18520	4
18540	3
18560	4
18580	2
18600	5
18620	1
18640	3
18660	1
18680	2
18700	4
18720	4
18740	3
18760	3
18780	2
18800	4
18820	2
18840	4
18860	6
18880	5
18900	3
18920	1
18940	0
18960	3
18980	4
19000	4
19020	2
19040	3
19060	6
19080	4
19100	1
19120	2
19140	5
19160	6
19180	3
19200	1
19220	5
19240	2
19260	5
19280	1
19300	5
19320	2
19340	4
19360	2
19380	3
19400	6
19420	4
19440	2
19460	2
19480	5
19500	4
19520	5
19540	5
19560	1
19580	7
19600	5
19620	4
19640	0
19660	7
19680	3
19700	1
19720	2
19740	5
19760	3
19780	4
19800	1
19820	2
19840	3
19860	3
19880	6
19900	5
19920	7
19940	2
19960	3
19980	1
