"Time differences (ps)"	"Counts per bin"
-20000	1
-19980	4
-19960	1
-19940	0
-19920	0
-19900	0
-19880	4
-19860	2
-19840	3
-19820	0
-19800	2
-19780	0
-19760	2
-19740	0
-19720	5
-19700	1
-19680	1
-19660	1
-19640	2
-19620	2
-19600	1
-19580	1
-19560	4
-19540	1
-19520	1
-19500	0
-19480	2
-19460	0
-19440	1
-19420	3
-19400	2
-19380	1
-19360	1
-19340	2
-19320	4
-19300	2
-19280	2
-19260	0
-19240	0
-19220	4
-19200	1
-19180	2
-19160	4
-19140	1
-19120	1
-19100	2
-19080	1
-19060	1
-19040	1
-19020	3
-19000	2
-18980	1
-18960	1
-18940	2
-18920	2
-18900	3
-18880	3
-18860	1
-18840	0
-18820	2
-18800	1
-18780	1
-18760	1
-18740	0
-18720	3
-18700	1
-18680	1
-18660	1
-18640	0
-18620	1
-18600	1
-18580	3
-18560	1
-18540	1
-18520	1
-18500	6
-18480	3
-18460	2
-18440	1
-18420	1
-18400	0
-18380	1
-18360	3
-18340	0
-18320	0
-18300	1
-18280	0
-18260	0
-18240	1
-18220	2
-18200	1
-18180	1
-18160	2
-18140	0
-18120	2
-18100	1
-18080	1
-18060	0
-18040	3
-18020	2
-18000	1
-17980	0
-17960	2
-17940	1
-17920	0
-17900	4
-17880	2
-17860	1
-17840	1
-17820	2
-17800	4
-17780	0
-17760	2
-17740	2
-17720	2
-17700	3
-17680	1
-17660	1
-17640	3
-17620	3
-17600	1
-17580	1
-17560	2
-17540	0
-17520	1
-17500	1
-17480	4
-17460	2
-17440	1
-17420	4
-17400	2
-17380	2
-17360	6
-17340	0
-17320	4
-17300	3
-17280	3
-17260	0
-17240	1
-17220	1
-17200	1
-17180	1
-17160	1
-17140	1
-17120	1
-17100	0
-17080	0
-17060	3
-17040	1
-17020	1
-17000	3
-16980	4
-16960	0
-16940	3
-16920	1
-16900	3
-16880	1
-16860	0
-16840	1
-16820	4
-16800	0
-16780	0
-16760	0
-16740	0
-16720	1
-16700	0
-16680	2
-16660	0
-16640	0
-16620	3
-16600	3
-16580	2
-16560	3
-16540	9
-16520	7
-16500	3
-16480	6
-16460	1
-16440	5
-16420	1
-16400	3
-16380	0
-16360	4
-16340	3
-16320	0
-16300	0
-16280	4
-16260	1
-16240	6
-16220	3
-16200	1
-16180	3
-16160	2
-16140	1
-16120	3
-16100	3
-16080	3
-16060	0
-16040	2
-16020	1
-16000	2
-15980	4
-15960	2
-15940	4
-15920	2
-15900	2
-15880	2
-15860	2
-15840	3
-15820	4
-15800	6
-15780	2
-15760	2
-15740	8
-15720	12
-15700	13
-15680	23
-15660	12
-15640	5
-15620	3
-15600	3
-15580	1
-15560	3
-15540	2
-15520	3
-15500	0
-15480	4
-15460	2
-15440	1
-15420	3
-15400	2
-15380	0
-15360	2
-15340	2
-15320	2
-15300	1
-15280	1
-15260	0
-15240	3
-15220	1
-15200	0
-15180	3
-15160	1
-15140	1
-15120	2
-15100	3
-15080	0
-15060	0
-15040	2
-15020	3
-15000	2
-14980	0
-14960	4
-14940	2
-14920	2
-14900	0
-14880	2
-14860	3
-14840	0
-14820	1
-14800	2
-14780	4
-14760	0
-14740	0
-14720	3
-14700	2
-14680	4
-14660	1
-14640	3
-14620	1
-14600	2
-14580	0
-14560	2
-14540	4
-14520	3
-14500	2
-14480	0
-14460	1
-14440	3
-14420	2
-14400	1
-14380	3
-14360	2
-14340	1
-14320	2
-14300	2
-14280	4
-14260	2
-14240	5
-14220	3
-14200	0
-14180	0
-14160	5
-14140	1
-14120	5
-14100	4
-14080	1
-14060	0
-14040	2
-14020	1
-14000	2
-13980	2
-13960	0
-13940	4
-13920	3
-13900	2
-13880	2
-13860	3
-13840	4
-13820	0
-13800	6
-13780	2
-13760	0
-13740	3
-13720	2
-13700	2
-13680	5
-13660	2
-13640	2
-13620	2
-13600	2
-13580	3
-13560	1
-13540	3
-13520	4
-13500	3
-13480	5
-13460	3
-13440	3
-13420	2
-13400	3
-13380	1
-13360	2
-13340	5
-13320	1
-13300	2
-13280	2
-13260	5
-13240	2
-13220	6
-13200	4
-13180	4
-13160	0
-13140	1
-13120	2
-13100	1
-13080	3
-13060	3
-13040	3
-13020	5
-13000	2
-12980	5
-12960	1
-12940	3
-12920	4
-12900	3
-12880	7
-12860	1
-12840	2
-12820	3
-12800	7
-12780	3
-12760	5
-12740	3
-12720	11
-12700	11
-12680	22
-12660	19
-12640	59
-12620	81
-12600	172
-12580	413
-12560	1080
-12540	2555
-12520	5440
-12500	8315
-12480	5649
-12460	1676
-12440	343
-12420	73
-12400	16
-12380	11
-12360	16
-12340	20
-12320	20
-12300	16
-12280	9
-12260	1
-12240	2
-12220	1
-12200	1
-12180	1
-12160	1
-12140	1
-12120	2
-12100	4
-12080	0
-12060	2
-12040	0
-12020	0
-12000	4
-11980	0
-11960	0
-11940	0
-11920	3
-11900	1
-11880	0
-11860	0
-11840	2
-11820	0
-11800	2
-11780	1
-11760	1
-11740	3
-11720	2
-11700	4
-11680	2
-11660	5
-11640	4
-11620	8
-11600	1
-11580	1
-11560	0
-11540	1
-11520	0
-11500	0
-11480	2
-11460	0
-11440	1
-11420	1
-11400	0
-11380	1
-11360	1
-11340	2
-11320	1
-11300	2
-11280	1
-11260	1
-11240	0
-11220	1
-11200	2
-11180	1
-11160	2
-11140	2
-11120	5
-11100	6
-11080	13
-11060	5
-11040	4
-11020	2
-11000	2
-10980	1
-10960	2
-10940	2
-10920	2
-10900	0
-10880	1
-10860	1
-10840	2
-10820	2
-10800	4
-10780	0
-10760	3
-10740	1
-10720	2
-10700	1
-10680	1
-10660	0
-10640	0
-10620	1
-10600	1
-10580	1
-10560	2
-10540	1
-10520	1
-10500	2
-10480	1
-10460	3
-10440	2
-10420	1
-10400	1
-10380	0
-10360	1
-10340	2
-10320	1
-10300	0
-10280	2
-10260	1
-10240	2
-10220	1
-10200	1
-10180	2
-10160	2
-10140	1
-10120	1
-10100	3
-10080	3
-10060	3
-10040	2
-10020	3
-10000	1
-9980	2
-9960	0
-9940	2
-9920	2
-9900	0
-9880	2
-9860	1
-9840	2
-9820	4
-9800	0
-9780	1
-9760	1
-9740	0
-9720	4
-9700	0
-9680	1
-9660	2
-9640	0
-9620	1
-9600	3
-9580	0
-9560	3
-9540	2
-9520	1
-9500	2
-9480	0
-9460	1
-9440	0
-9420	0
-9400	1
-9380	3
-9360	4
-9340	0
-9320	0
-9300	0
-9280	0
-9260	2
-9240	3
-9220	2
-9200	0
-9180	0
-9160	0
-9140	2
-9120	0
-9100	4
-9080	1
-9060	3
-9040	3
-9020	0
-9000	2
-8980	1
-8960	1
-8940	1
-8920	2
-8900	0
-8880	1
-8860	1
-8840	1
-8820	0
-8800	0
-8780	1
-8760	2
-8740	1
-8720	2
-8700	0
-8680	2
-8660	0
-8640	1
-8620	1
-8600	3
-8580	1
-8560	1
-8540	0
-8520	5
-8500	5
-8480	5
-8460	1
-8440	1
-8420	1
-8400	1
-8380	2
-8360	0
-8340	0
-8320	1
-8300	2
-8280	2
-8260	2
-8240	0
-8220	4
-8200	2
-8180	1
-8160	2
-8140	2
-8120	3
-8100	2
-8080	1
-8060	1
-8040	1
-8020	2
-8000	2
-7980	2
-7960	0
-7940	2
-7920	0
-7900	1
-7880	2
-7860	1
-7840	1
-7820	2
-7800	1
-7780	2
-7760	1
-7740	0
-7720	3
-7700	0
-7680	1
-7660	5
-7640	3
-7620	4
-7600	0
-7580	1
-7560	2
-7540	2
-7520	1
-7500	1
-7480	3
-7460	0
-7440	2
-7420	1
-7400	5
-7380	3
-7360	0
-7340	1
-7320	1
-7300	2
-7280	1
-7260	3
-7240	2
-7220	1
-7200	0
-7180	2
-7160	2
-7140	0
-7120	1
-7100	0
-7080	0
-7060	0
-7040	0
-7020	3
-7000	1
-6980	1
-6960	1
-6940	0
-6920	2
-6900	3
-6880	0
-6860	1
-6840	3
-6820	1
-6800	1
-6780	1
-6760	2
-6740	1
-6720	1
-6700	0
-6680	2
-6660	0
-6640	0
-6620	1
-6600	1
-6580	0
-6560	1
-6540	1
-6520	0
-6500	1
-6480	1
-6460	1
-6440	0
-6420	0
-6400	0
-6380	1
-6360	0
-6340	0
-6320	2
-6300	0
-6280	3
-6260	1
-6240	4
-6220	3
-6200	1
-6180	0
-6160	1
-6140	3
-6120	1
-6100	0
-6080	2
-6060	0
-6040	2
-6020	1
-6000	2
-5980	2
-5960	5
-5940	2
-5920	2
-5900	6
-5880	3
-5860	1
-5840	1
-5820	1
-5800	3
-5780	0
-5760	1
-5740	3
-5720	2
-5700	4
-5680	1
-5660	3
-5640	1
-5620	0
-5600	0
-5580	4
-5560	1
-5540	1
-5520	1
-5500	0
-5480	1
-5460	0
-5440	2
-5420	0
-5400	0
-5380	0
-5360	0
-5340	3
-5320	0
-5300	3
-5280	1
-5260	1
-5240	1
-5220	1
-5200	2
-5180	3
-5160	1
-5140	1
-5120	1
-5100	1
-5080	2
-5060	4
-5040	3
-5020	1
-5000	1
-4980	1
-4960	0
-4940	2
-4920	2
-4900	2
-4880	0
-4860	0
-4840	0
-4820	3
-4800	2
-4780	2
-4760	0
-4740	0
-4720	2
-4700	0
-4680	2
-4660	1
-4640	1
-4620	3
-4600	2
-4580	1
-4560	1
-4540	3
-4520	2
-4500	1
-4480	2
-4460	3
-4440	1
-4420	1
-4400	1
-4380	3
-4360	3
-4340	0
-4320	0
-4300	0
-4280	1
-4260	3
-4240	1
-4220	2
-4200	1
-4180	2
-4160	0
-4140	1
-4120	4
-4100	2
-4080	2
-4060	3
-4040	3
-4020	6
-4000	1
-3980	1
-3960	1
-3940	1
-3920	0
-3900	0
-3880	0
-3860	3
-3840	0
-3820	0
-3800	0
-3780	1
-3760	7
-3740	3
-3720	2
-3700	1
-3680	2
-3660	2
-3640	1
-3620	5
-3600	0
-3580	2
-3560	2
-3540	0
-3520	4
-3500	1
-3480	2
-3460	2
-3440	0
-3420	0
-3400	1
-3380	2
-3360	3
-3340	2
-3320	1
-3300	1
-3280	5
-3260	7
-3240	10
-3220	26
-3200	15
-3180	16
-3160	3
-3140	0
-3120	2
-3100	1
-3080	2
-3060	1
-3040	2
-3020	1
-3000	2
-2980	6
-2960	0
-2940	0
-2920	2
-2900	1
-2880	1
-2860	2
-2840	2
-2820	1
-2800	3
-2780	2
-2760	2
-2740	3
-2720	1
-2700	1
-2680	1
-2660	2
-2640	1
-2620	2
-2600	3
-2580	1
-2560	0
-2540	0
-2520	1
-2500	2
-2480	2
-2460	3
-2440	0
-2420	0
-2400	2
-2380	1
-2360	2
-2340	3
-2320	2
-2300	0
-2280	5
-2260	0
-2240	2
-2220	2
-2200	3
-2180	1
-2160	1
-2140	1
-2120	1
-2100	1
-2080	2
-2060	4
-2040	0
-2020	1
-2000	0
-1980	2
-1960	0
-1940	3
-1920	0
-1900	1
-1880	0
-1860	1
-1840	0
-1820	2
-1800	1
-1780	1
-1760	4
-1740	2
-1720	2
-1700	0
-1680	1
-1660	2
-1640	1
-1620	3
-1600	1
-1580	2
-1560	2
-1540	1
-1520	2
-1500	2
-1480	2
-1460	3
-1440	1
-1420	0
-1400	3
-1380	1
-1360	1
-1340	1
-1320	1
-1300	2
-1280	4
-1260	2
-1240	0
-1220	0
-1200	1
-1180	1
-1160	1
-1140	2
-1120	2
-1100	3
-1080	2
-1060	3
-1040	3
-1020	0
-1000	1
-980	3
-960	1
-940	2
-920	1
-900	2
-880	1
-860	1
-840	2
-820	1
-800	0
-780	2
-760	2
-740	1
-720	4
-700	2
-680	0
-660	1
-640	1
-620	4
-600	2
-580	2
-560	1
-540	1
-520	2
-500	3
-480	4
-460	3
-440	2
-420	1
-400	5
-380	2
-360	1
-340	0
-320	3
-300	2
-280	5
-260	9
-240	4
-220	5
-200	13
-180	18
-160	20
-140	90
-120	214
-100	537
-80	1371
-60	3463
-40	8438
-20	16157
0	12043
20	1944
40	171
60	24
80	9
100	7
120	15
140	26
160	30
180	16
200	8
220	0
240	5
260	2
280	7
300	2
320	4
340	3
360	1
380	2
400	2
420	4
440	2
460	2
480	3
500	7
520	3
540	6
560	4
580	2
600	2
620	6
640	3
660	3
680	3
700	6
720	5
740	3
760	3
780	7
800	7
820	7
840	9
860	8
880	7
900	3
920	4
940	1
960	3
980	2
1000	5
1020	2
1040	2
1060	5
1080	6
1100	3
1120	3
1140	4
1160	2
1180	1
1200	4
1220	4
1240	5
1260	4
1280	2
1300	2
1320	5
1340	9
1360	7
1380	10
1400	17
1420	7
1440	3
1460	2
1480	6
1500	2
1520	3
1540	4
1560	3
1580	1
1600	4
1620	1
1640	3
1660	3
1680	5
1700	2
1720	3
1740	1
1760	5
1780	3
1800	4
1820	0
1840	1
1860	6
1880	3
1900	3
1920	5
1940	5
1960	6
1980	2
2000	3
2020	2
2040	3
2060	4
2080	2
2100	1
2120	2
2140	8
2160	3
2180	6
2200	6
2220	6
2240	2
2260	3
2280	1
2300	2
2320	0
2340	4
2360	4
2380	6
2400	4
2420	3
2440	3
2460	5
2480	2
2500	6
2520	3
2540	4
2560	1
2580	2
2600	4
2620	0
2640	2
2660	1
2680	4
2700	5
2720	3
2740	0
2760	6
2780	2
2800	3
2820	1
2840	2
2860	1
2880	3
2900	4
2920	6
2940	4
2960	5
2980	6
3000	2
3020	4
3040	6
3060	5
3080	4
3100	4
3120	4
3140	3
3160	3
3180	4
3200	2
3220	0
3240	4
3260	6
3280	4
3300	3
3320	1
3340	1
3360	8
3380	3
3400	5
3420	2
3440	4
3460	5
3480	7
3500	3
3520	1
3540	2
3560	3
3580	3
3600	3
3620	5
3640	2
3660	3
3680	6
3700	4
3720	1
3740	1
3760	1
3780	4
3800	4
3820	4
3840	10
3860	6
3880	3
3900	1
3920	4
3940	9
3960	5
3980	7
4000	7
4020	8
4040	1
4060	2
4080	5
4100	2
4120	4
4140	4
4160	1
4180	8
4200	3
4220	5
4240	4
4260	6
4280	3
4300	4
4320	4
4340	2
4360	7
4380	3
4400	7
4420	7
4440	5
4460	4
4480	5
4500	4
4520	2
4540	1
4560	6
4580	4
4600	3
4620	4
4640	4
4660	4
4680	5
4700	4
4720	5
4740	3
4760	4
4780	3
4800	3
4820	6
4840	7
4860	6
4880	4
4900	6
4920	7
4940	3
4960	3
4980	6
5000	3
5020	4
5040	6
5060	6
5080	8
5100	4
5120	6
5140	5
5160	7
5180	4
5200	3
5220	7
5240	4
5260	1
5280	4
5300	3
5320	4
5340	5
5360	8
5380	3
5400	3
5420	5
5440	2
5460	3
5480	6
5500	2
5520	2
5540	7
5560	3
5580	4
5600	2
5620	0
5640	2
5660	2
5680	2
5700	8
5720	4
5740	3
5760	5
5780	6
5800	5
5820	1
5840	0
5860	2
5880	6
5900	5
5920	10
5940	5
5960	3
5980	4
6000	3
6020	5
6040	2
6060	7
6080	2
6100	3
6120	2
6140	5
6160	4
6180	7
6200	2
6220	3
6240	4
6260	4
6280	1
6300	3
6320	1
6340	5
6360	6
6380	6
6400	0
6420	0
6440	1
6460	3
6480	2
6500	0
6520	2
6540	6
6560	4
6580	3
6600	3
6620	5
6640	4
6660	3
6680	6
6700	3
6720	5
6740	1
6760	2
6780	4
6800	1
6820	1
6840	1
6860	3
6880	8
6900	5
6920	2
6940	3
6960	10
6980	2
7000	4
7020	2
7040	6
7060	2
7080	5
7100	4
7120	3
7140	6
7160	3
7180	4
7200	3
7220	5
7240	1
7260	4
7280	7
7300	2
7320	5
7340	6
7360	4
7380	5
7400	3
7420	3
7440	4
7460	4
7480	2
7500	3
7520	4
7540	6
7560	5
7580	4
7600	5
7620	2
7640	6
7660	3
7680	7
7700	1
7720	6
7740	2
7760	3
7780	6
7800	3
7820	4
7840	7
7860	3
7880	4
7900	2
7920	4
7940	4
7960	2
7980	4
8000	3
8020	3
8040	2
8060	6
8080	6
8100	9
8120	5
8140	2
8160	3
8180	9
8200	6
8220	7
8240	3
8260	3
8280	3
8300	2
8320	4
8340	4
8360	2
8380	5
8400	2
8420	6
8440	9
8460	3
8480	9
8500	5
8520	5
8540	3
8560	4
8580	3
8600	4
8620	3
8640	4
8660	4
8680	6
8700	2
8720	4
8740	1
8760	3
8780	6
8800	6
8820	6
8840	5
8860	6
8880	4
8900	5
8920	3
8940	4
8960	7
8980	6
9000	3
9020	7
9040	5
9060	5
9080	7
9100	5
9120	6
9140	8
9160	5
9180	5
9200	5
9220	8
9240	8
9260	22
9280	20
9300	19
9320	6
9340	8
9360	4
9380	9
9400	2
9420	1
9440	7
9460	5
9480	5
9500	8
9520	6
9540	6
9560	6
9580	7
9600	9
9620	7
9640	9
9660	5
9680	8
9700	4
9720	4
9740	6
9760	3
9780	6
9800	4
9820	2
9840	4
9860	4
9880	4
9900	3
9920	1
9940	5
9960	8
9980	4
10000	2
10020	4
10040	4
10060	5
10080	3
10100	1
10120	4
10140	5
10160	2
10180	4
10200	3
10220	1
10240	3
10260	4
10280	4
10300	3
10320	6
10340	6
10360	6
10380	4
10400	3
10420	3
10440	6
10460	2
10480	7
10500	5
10520	5
10540	7
10560	1
10580	8
10600	4
10620	4
10640	6
10660	6
10680	4
10700	5
10720	2
10740	2
10760	3
10780	2
10800	6
10820	7
10840	3
10860	6
10880	3
10900	3
10920	3
10940	4
10960	4
10980	6
11000	1
11020	6
11040	3
11060	7
11080	2
11100	7
11120	6
11140	9
11160	2
11180	3
11200	5
11220	4
11240	3
11260	10
11280	8
11300	7
11320	2
11340	8
11360	6
11380	7
11400	4
11420	5
11440	3
11460	4
11480	6
11500	3
11520	6
11540	7
11560	4
11580	5
11600	9
11620	7
11640	6
11660	5
11680	7
11700	4
11720	5
11740	4
11760	2
11780	4
11800	6
11820	6
11840	6
11860	3
11880	7
11900	3
11920	4
11940	2
11960	2
11980	5
12000	2
12020	5
12040	5
12060	4
12080	7
12100	5
12120	7
12140	7
12160	5
12180	5
12200	10
12220	5
12240	17
12260	17
12280	23
12300	24
12320	48
12340	65
12360	147
12380	276
12400	637
12420	1599
12440	3636
12460	7037
12480	7858
12500	3705
12520	850
12540	171
12560	41
12580	18
12600	24
12620	15
12640	25
12660	9
12680	9
12700	2
12720	5
12740	2
12760	2
12780	3
12800	6
12820	0
12840	3
12860	0
12880	2
12900	1
12920	4
12940	4
12960	6
12980	4
13000	0
13020	3
13040	3
13060	5
13080	4
13100	6
13120	3
13140	2
13160	0
13180	5
13200	5
13220	5
13240	5
13260	5
13280	8
13300	10
13320	8
13340	10
13360	7
13380	2
13400	5
13420	3
13440	5
13460	3
13480	3
13500	5
13520	7
13540	2
13560	1
13580	4
13600	4
13620	3
13640	4
13660	5
13680	5
13700	2
13720	5
13740	0
13760	2
13780	2
13800	3
13820	2
13840	7
13860	5
13880	11
13900	16
13920	8
13940	5
13960	2
13980	6
14000	2
14020	3
14040	7
14060	3
14080	3
14100	4
14120	1
14140	4
14160	4
14180	3
14200	1
14220	7
14240	4
14260	2
14280	3
14300	5
14320	2
14340	4
14360	7
14380	3
14400	4
14420	2
14440	1
14460	6
14480	1
14500	1
14520	5
14540	1
14560	5
14580	2
14600	3
14620	0
14640	1
14660	2
14680	3
14700	3
14720	6
14740	3
14760	3
14780	1
14800	2
14820	3
14840	2
14860	2
14880	4
14900	5
14920	3
14940	6
14960	3
14980	2
15000	4
15020	5
15040	3
15060	5
15080	1
15100	5
15120	3
15140	1
15160	2
15180	3
15200	5
15220	3
15240	2
15260	4
15280	9
15300	3
15320	3
15340	3
15360	2
15380	0
15400	3
15420	4
15440	1
15460	8
15480	2
15500	3
15520	3
15540	5
15560	3
15580	7
15600	6
15620	3
15640	4
15660	0
15680	3
15700	6
15720	3
15740	5
15760	3
15780	4
15800	7
15820	6
15840	2
15860	3
15880	2
15900	8
15920	6
15940	4
15960	5
15980	5
16000	3
16020	4
16040	0
16060	2
16080	4
16100	4
16120	4
16140	7
16160	5
16180	5
16200	2
16220	4
16240	3
16260	6
16280	1
16300	6
16320	2
16340	4
16360	3
16380	3
16400	5
16420	2
16440	4
16460	8
16480	5
16500	5
16520	3
16540	2
16560	5
16580	2
16600	3
16620	5
16640	2
16660	2
16680	1
16700	2
16720	3
16740	6
16760	3
16780	5
16800	3
16820	3
16840	2
16860	6
16880	3
16900	4
16920	8
16940	2
16960	2
16980	7
17000	3
17020	1
17040	5
17060	4
17080	5
17100	4
17120	2
17140	4
17160	2
17180	2
17200	1
17220	2
17240	9
17260	4
17280	9
17300	9
17320	6
17340	11
17360	4
17380	2
17400	1
17420	6
17440	4
17460	1
17480	3
17500	2
17520	5
17540	4
17560	4
17580	6
17600	5
17620	6
17640	1
17660	2
17680	1
17700	6
17720	5
17740	6
17760	2
17780	6
17800	2
17820	4
17840	0
17860	5
17880	3
17900	1
17920	3
17940	1
17960	4
17980	1
18000	7
18020	3
18040	4
18060	5
18080	3
18100	5
18120	4
18140	6
18160	4
18180	2
18200	4
18220	5
18240	2
18260	4
18280	1
18300	7
18320	4
18340	3
18360	2
18380	4
18400	6
18420	9
18440	3
18460	3
18480	2
18500	6
18520	1
18540	1
18560	6
18580	5
18600	5
18620	4
18640	2
18660	2
18680	2
18700	2
18720	2
18740	4
18760	5
18780	7
18800	6
18820	3
18840	2
18860	9
18880	1
18900	5
18920	3
18940	5
18960	4
18980	2
19000	4
19020	2
19040	3
19060	0
19080	6
19100	3
19120	2
19140	6
19160	1
19180	3
19200	2
19220	5
19240	5
19260	4
19280	4
19300	6
19320	1
19340	2
19360	5
19380	2
19400	2
19420	7
19440	2
19460	6
19480	3
19500	2
19520	3
19540	2
19560	6
19580	6
19600	4
19620	1
19640	4
19660	2
19680	6
19700	1
19720	1
19740	11
19760	3
19780	3
19800	4
19820	6
19840	5
19860	7
19880	2
19900	6
19920	4
19940	8
19960	3
19980	9
