"Time differences (ps)"	"Counts per bin"
-20000	3
-19980	4
-19960	1
-19940	3
-19920	0
-19900	1
-19880	2
-19860	1
-19840	0
-19820	0
-19800	1
-19780	4
-19760	0
-19740	2
-19720	3
-19700	3
-19680	4
-19660	1
-19640	1
-19620	1
-19600	2
-19580	0
-19560	1
-19540	1
-19520	2
-19500	2
-19480	0
-19460	0
-19440	0
-19420	1
-19400	5
-19380	2
-19360	1
-19340	1
-19320	1
-19300	1
-19280	1
-19260	0
-19240	1
-19220	1
-19200	2
-19180	0
-19160	2
-19140	1
-19120	0
-19100	2
-19080	1
-19060	4
-19040	1
-19020	4
-19000	2
-18980	1
-18960	2
-18940	2
-18920	0
-18900	0
-18880	3
-18860	0
-18840	1
-18820	2
-18800	0
-18780	0
-18760	0
-18740	1
-18720	0
-18700	3
-18680	2
-18660	4
-18640	2
-18620	2
-18600	3
-18580	3
-18560	0
-18540	1
-18520	0
-18500	1
-18480	1
-18460	0
-18440	1
-18420	3
-18400	1
-18380	1
-18360	1
-18340	1
-18320	0
-18300	3
-18280	1
-18260	2
-18240	2
-18220	2
-18200	1
-18180	1
-18160	1
-18140	1
-18120	1
-18100	4
-18080	3
-18060	6
-18040	1
-18020	2
-18000	1
-17980	1
-17960	1
-17940	3
-17920	6
-17900	0
-17880	1
-17860	1
-17840	0
-17820	1
-17800	1
-17780	2
-17760	0
-17740	0
-17720	3
-17700	4
-17680	0
-17660	4
-17640	1
-17620	1
-17600	0
-17580	1
-17560	3
-17540	1
-17520	2
-17500	1
-17480	2
-17460	0
-17440	2
-17420	2
-17400	2
-17380	3
-17360	1
-17340	0
-17320	5
-17300	3
-17280	2
-17260	2
-17240	3
-17220	5
-17200	0
-17180	2
-17160	1
-17140	4
-17120	1
-17100	1
-17080	2
-17060	2
-17040	2
-17020	1
-17000	1
-16980	1
-16960	2
-16940	5
-16920	3
-16900	1
-16880	1
-16860	3
-16840	4
-16820	2
-16800	2
-16780	2
-16760	1
-16740	0
-16720	1
-16700	2
-16680	3
-16660	3
-16640	1
-16620	0
-16600	1
-16580	1
-16560	2
-16540	3
-16520	4
-16500	7
-16480	4
-16460	2
-16440	3
-16420	0
-16400	3
-16380	1
-16360	0
-16340	1
-16320	3
-16300	0
-16280	4
-16260	0
-16240	2
-16220	3
-16200	3
-16180	0
-16160	3
-16140	1
-16120	2
-16100	4
-16080	3
-16060	6
-16040	0
-16020	1
-16000	3
-15980	2
-15960	2
-15940	2
-15920	4
-15900	3
-15880	2
-15860	3
-15840	1
-15820	0
-15800	2
-15780	2
-15760	3
-15740	10
-15720	20
-15700	27
-15680	17
-15660	12
-15640	1
-15620	3
-15600	1
-15580	0
-15560	3
-15540	2
-15520	4
-15500	0
-15480	1
-15460	1
-15440	2
-15420	1
-15400	4
-15380	1
-15360	2
-15340	1
-15320	0
-15300	0
-15280	2
-15260	2
-15240	3
-15220	0
-15200	0
-15180	1
-15160	2
-15140	3
-15120	4
-15100	2
-15080	3
-15060	1
-15040	2
-15020	1
-15000	3
-14980	2
-14960	2
-14940	2
-14920	4
-14900	1
-14880	2
-14860	0
-14840	2
-14820	2
-14800	2
-14780	0
-14760	1
-14740	1
-14720	4
-14700	1
-14680	3
-14660	1
-14640	3
-14620	2
-14600	1
-14580	1
-14560	0
-14540	5
-14520	1
-14500	2
-14480	0
-14460	5
-14440	1
-14420	2
-14400	1
-14380	0
-14360	2
-14340	1
-14320	0
-14300	1
-14280	3
-14260	1
-14240	2
-14220	1
-14200	0
-14180	4
-14160	0
-14140	1
-14120	2
-14100	2
-14080	2
-14060	2
-14040	2
-14020	5
-14000	3
-13980	3
-13960	1
-13940	2
-13920	4
-13900	2
-13880	1
-13860	4
-13840	2
-13820	3
-13800	2
-13780	1
-13760	1
-13740	2
-13720	3
-13700	2
-13680	2
-13660	2
-13640	0
-13620	2
-13600	4
-13580	0
-13560	2
-13540	2
-13520	2
-13500	1
-13480	3
-13460	1
-13440	3
-13420	0
-13400	2
-13380	5
-13360	5
-13340	4
-13320	3
-13300	4
-13280	3
-13260	1
-13240	0
-13220	1
-13200	1
-13180	1
-13160	4
-13140	3
-13120	0
-13100	1
-13080	3
-13060	1
-13040	4
-13020	1
-13000	0
-12980	2
-12960	5
-12940	4
-12920	3
-12900	2
-12880	1
-12860	2
-12840	0
-12820	2
-12800	3
-12780	2
-12760	4
-12740	5
-12720	5
-12700	7
-12680	15
-12660	9
-12640	30
-12620	53
-12600	156
-12580	323
-12560	850
-12540	2041
-12520	4534
-12500	7072
-12480	5154
-12460	1662
-12440	307
-12420	72
-12400	17
-12380	11
-12360	7
-12340	10
-12320	10
-12300	11
-12280	3
-12260	1
-12240	1
-12220	2
-12200	1
-12180	1
-12160	1
-12140	2
-12120	1
-12100	1
-12080	0
-12060	1
-12040	1
-12020	0
-12000	3
-11980	0
-11960	1
-11940	2
-11920	1
-11900	3
-11880	0
-11860	1
-11840	1
-11820	3
-11800	0
-11780	2
-11760	0
-11740	1
-11720	4
-11700	1
-11680	1
-11660	3
-11640	11
-11620	12
-11600	3
-11580	3
-11560	1
-11540	1
-11520	0
-11500	1
-11480	1
-11460	3
-11440	0
-11420	0
-11400	3
-11380	1
-11360	0
-11340	3
-11320	2
-11300	1
-11280	1
-11260	0
-11240	2
-11220	4
-11200	0
-11180	3
-11160	2
-11140	0
-11120	3
-11100	3
-11080	5
-11060	8
-11040	2
-11020	5
-11000	1
-10980	0
-10960	1
-10940	0
-10920	2
-10900	0
-10880	1
-10860	1
-10840	0
-10820	1
-10800	0
-10780	0
-10760	0
-10740	0
-10720	1
-10700	3
-10680	1
-10660	0
-10640	0
-10620	1
-10600	1
-10580	1
-10560	3
-10540	2
-10520	1
-10500	1
-10480	3
-10460	5
-10440	2
-10420	1
-10400	0
-10380	1
-10360	1
-10340	2
-10320	1
-10300	0
-10280	2
-10260	0
-10240	3
-10220	2
-10200	1
-10180	0
-10160	3
-10140	0
-10120	1
-10100	4
-10080	1
-10060	0
-10040	1
-10020	1
-10000	1
-9980	0
-9960	1
-9940	0
-9920	1
-9900	0
-9880	1
-9860	1
-9840	0
-9820	0
-9800	3
-9780	0
-9760	1
-9740	0
-9720	0
-9700	1
-9680	0
-9660	3
-9640	0
-9620	1
-9600	0
-9580	0
-9560	1
-9540	1
-9520	3
-9500	3
-9480	2
-9460	4
-9440	0
-9420	4
-9400	0
-9380	1
-9360	2
-9340	2
-9320	2
-9300	1
-9280	2
-9260	3
-9240	1
-9220	0
-9200	1
-9180	1
-9160	2
-9140	2
-9120	1
-9100	0
-9080	0
-9060	1
-9040	1
-9020	3
-9000	2
-8980	0
-8960	0
-8940	1
-8920	1
-8900	1
-8880	2
-8860	2
-8840	2
-8820	1
-8800	2
-8780	1
-8760	1
-8740	2
-8720	0
-8700	1
-8680	1
-8660	2
-8640	2
-8620	0
-8600	1
-8580	2
-8560	1
-8540	1
-8520	2
-8500	6
-8480	4
-8460	6
-8440	1
-8420	3
-8400	4
-8380	2
-8360	1
-8340	0
-8320	0
-8300	2
-8280	0
-8260	1
-8240	2
-8220	0
-8200	0
-8180	2
-8160	2
-8140	2
-8120	1
-8100	1
-8080	0
-8060	0
-8040	0
-8020	1
-8000	2
-7980	0
-7960	1
-7940	0
-7920	2
-7900	2
-7880	1
-7860	1
-7840	1
-7820	2
-7800	5
-7780	0
-7760	3
-7740	3
-7720	2
-7700	2
-7680	1
-7660	5
-7640	1
-7620	4
-7600	4
-7580	3
-7560	0
-7540	1
-7520	1
-7500	2
-7480	1
-7460	0
-7440	2
-7420	0
-7400	0
-7380	2
-7360	0
-7340	4
-7320	1
-7300	0
-7280	0
-7260	0
-7240	2
-7220	0
-7200	1
-7180	2
-7160	2
-7140	0
-7120	1
-7100	1
-7080	0
-7060	0
-7040	1
-7020	2
-7000	2
-6980	0
-6960	0
-6940	4
-6920	0
-6900	1
-6880	1
-6860	1
-6840	3
-6820	1
-6800	1
-6780	1
-6760	0
-6740	3
-6720	1
-6700	1
-6680	2
-6660	2
-6640	2
-6620	0
-6600	1
-6580	2
-6560	1
-6540	1
-6520	0
-6500	1
-6480	1
-6460	3
-6440	2
-6420	1
-6400	2
-6380	0
-6360	0
-6340	1
-6320	0
-6300	2
-6280	1
-6260	1
-6240	2
-6220	1
-6200	1
-6180	2
-6160	0
-6140	0
-6120	0
-6100	2
-6080	2
-6060	0
-6040	2
-6020	1
-6000	0
-5980	1
-5960	1
-5940	0
-5920	1
-5900	1
-5880	1
-5860	2
-5840	1
-5820	0
-5800	0
-5780	1
-5760	2
-5740	2
-5720	2
-5700	2
-5680	1
-5660	1
-5640	2
-5620	1
-5600	1
-5580	0
-5560	2
-5540	2
-5520	4
-5500	1
-5480	2
-5460	2
-5440	2
-5420	1
-5400	2
-5380	2
-5360	0
-5340	0
-5320	2
-5300	0
-5280	0
-5260	0
-5240	1
-5220	0
-5200	0
-5180	2
-5160	1
-5140	0
-5120	4
-5100	0
-5080	3
-5060	1
-5040	4
-5020	1
-5000	3
-4980	3
-4960	2
-4940	2
-4920	1
-4900	3
-4880	2
-4860	1
-4840	2
-4820	1
-4800	0
-4780	2
-4760	1
-4740	0
-4720	1
-4700	1
-4680	6
-4660	1
-4640	2
-4620	3
-4600	1
-4580	2
-4560	0
-4540	2
-4520	0
-4500	2
-4480	0
-4460	2
-4440	0
-4420	0
-4400	1
-4380	2
-4360	2
-4340	2
-4320	4
-4300	0
-4280	5
-4260	0
-4240	2
-4220	0
-4200	1
-4180	2
-4160	0
-4140	0
-4120	1
-4100	1
-4080	0
-4060	1
-4040	9
-4020	4
-4000	2
-3980	1
-3960	4
-3940	1
-3920	1
-3900	2
-3880	4
-3860	1
-3840	2
-3820	2
-3800	0
-3780	0
-3760	2
-3740	1
-3720	2
-3700	1
-3680	1
-3660	1
-3640	2
-3620	3
-3600	1
-3580	0
-3560	1
-3540	4
-3520	1
-3500	0
-3480	0
-3460	2
-3440	3
-3420	4
-3400	2
-3380	1
-3360	3
-3340	4
-3320	0
-3300	3
-3280	4
-3260	1
-3240	20
-3220	25
-3200	26
-3180	20
-3160	5
-3140	1
-3120	0
-3100	2
-3080	1
-3060	1
-3040	3
-3020	2
-3000	2
-2980	0
-2960	0
-2940	0
-2920	1
-2900	1
-2880	0
-2860	1
-2840	1
-2820	2
-2800	2
-2780	0
-2760	0
-2740	0
-2720	0
-2700	2
-2680	1
-2660	1
-2640	0
-2620	2
-2600	3
-2580	1
-2560	0
-2540	2
-2520	4
-2500	1
-2480	2
-2460	0
-2440	1
-2420	1
-2400	3
-2380	2
-2360	0
-2340	1
-2320	2
-2300	1
-2280	0
-2260	2
-2240	1
-2220	0
-2200	0
-2180	0
-2160	1
-2140	0
-2120	2
-2100	0
-2080	1
-2060	2
-2040	0
-2020	1
-2000	0
-1980	1
-1960	0
-1940	1
-1920	0
-1900	2
-1880	1
-1860	3
-1840	0
-1820	2
-1800	1
-1780	3
-1760	1
-1740	2
-1720	0
-1700	0
-1680	1
-1660	2
-1640	1
-1620	1
-1600	1
-1580	0
-1560	1
-1540	2
-1520	3
-1500	1
-1480	1
-1460	2
-1440	2
-1420	3
-1400	2
-1380	2
-1360	1
-1340	3
-1320	2
-1300	2
-1280	2
-1260	1
-1240	2
-1220	1
-1200	3
-1180	1
-1160	1
-1140	0
-1120	2
-1100	1
-1080	1
-1060	1
-1040	2
-1020	1
-1000	1
-980	2
-960	3
-940	0
-920	3
-900	3
-880	3
-860	1
-840	2
-820	2
-800	1
-780	3
-760	2
-740	1
-720	1
-700	0
-680	2
-660	0
-640	2
-620	1
-600	2
-580	1
-560	6
-540	2
-520	1
-500	4
-480	1
-460	1
-440	2
-420	1
-400	2
-380	2
-360	1
-340	2
-320	1
-300	3
-280	3
-260	2
-240	5
-220	5
-200	2
-180	9
-160	19
-140	30
-120	58
-100	184
-80	455
-60	1308
-40	3628
-20	7520
0	6410
20	1056
40	127
60	18
80	9
100	1
120	9
140	12
160	26
180	12
200	4
220	4
240	6
260	2
280	0
300	4
320	0
340	2
360	2
380	2
400	5
420	1
440	2
460	1
480	4
500	1
520	3
540	2
560	5
580	6
600	4
620	6
640	2
660	4
680	1
700	2
720	3
740	2
760	3
780	4
800	5
820	13
840	9
860	9
880	4
900	2
920	0
940	5
960	2
980	4
1000	1
1020	1
1040	3
1060	1
1080	6
1100	3
1120	6
1140	4
1160	0
1180	4
1200	3
1220	1
1240	2
1260	2
1280	0
1300	0
1320	1
1340	6
1360	8
1380	5
1400	10
1420	7
1440	4
1460	3
1480	3
1500	2
1520	4
1540	2
1560	1
1580	2
1600	1
1620	4
1640	2
1660	2
1680	5
1700	5
1720	3
1740	3
1760	5
1780	3
1800	4
1820	2
1840	0
1860	4
1880	3
1900	1
1920	4
1940	3
1960	1
1980	1
2000	1
2020	3
2040	4
2060	4
2080	3
2100	2
2120	1
2140	4
2160	5
2180	3
2200	3
2220	2
2240	3
2260	2
2280	6
2300	1
2320	3
2340	4
2360	6
2380	3
2400	4
2420	4
2440	1
2460	6
2480	1
2500	6
2520	2
2540	2
2560	3
2580	2
2600	2
2620	3
2640	0
2660	6
2680	1
2700	1
2720	1
2740	5
2760	3
2780	2
2800	3
2820	1
2840	1
2860	2
2880	0
2900	0
2920	2
2940	3
2960	2
2980	3
3000	1
3020	5
3040	5
3060	5
3080	2
3100	5
3120	4
3140	2
3160	3
3180	1
3200	4
3220	2
3240	4
3260	2
3280	2
3300	6
3320	7
3340	5
3360	0
3380	5
3400	7
3420	3
3440	4
3460	6
3480	1
3500	1
3520	2
3540	3
3560	5
3580	1
3600	2
3620	6
3640	1
3660	1
3680	1
3700	5
3720	2
3740	6
3760	2
3780	5
3800	1
3820	3
3840	4
3860	2
3880	1
3900	3
3920	5
3940	4
3960	6
3980	3
4000	7
4020	5
4040	1
4060	2
4080	2
4100	2
4120	5
4140	1
4160	2
4180	2
4200	3
4220	3
4240	2
4260	1
4280	8
4300	3
4320	3
4340	4
4360	0
4380	2
4400	6
4420	5
4440	11
4460	3
4480	1
4500	3
4520	4
4540	3
4560	3
4580	1
4600	5
4620	2
4640	1
4660	2
4680	7
4700	4
4720	6
4740	9
4760	3
4780	3
4800	5
4820	0
4840	5
4860	8
4880	5
4900	1
4920	3
4940	2
4960	6
4980	2
5000	3
5020	6
5040	3
5060	1
5080	2
5100	1
5120	4
5140	3
5160	4
5180	3
5200	1
5220	6
5240	6
5260	1
5280	5
5300	4
5320	1
5340	2
5360	1
5380	4
5400	7
5420	8
5440	4
5460	6
5480	4
5500	3
5520	10
5540	1
5560	3
5580	2
5600	5
5620	1
5640	4
5660	0
5680	1
5700	2
5720	6
5740	4
5760	6
5780	3
5800	1
5820	1
5840	6
5860	5
5880	2
5900	3
5920	3
5940	3
5960	4
5980	6
6000	2
6020	5
6040	3
6060	2
6080	6
6100	4
6120	6
6140	4
6160	4
6180	2
6200	3
6220	0
6240	1
6260	7
6280	7
6300	3
6320	3
6340	5
6360	3
6380	1
6400	7
6420	2
6440	6
6460	8
6480	2
6500	3
6520	3
6540	6
6560	3
6580	0
6600	4
6620	5
6640	3
6660	3
6680	2
6700	1
6720	4
6740	2
6760	3
6780	2
6800	2
6820	3
6840	2
6860	3
6880	2
6900	7
6920	6
6940	2
6960	3
6980	3
7000	4
7020	5
7040	0
7060	2
7080	3
7100	2
7120	1
7140	3
7160	5
7180	4
7200	2
7220	4
7240	2
7260	5
7280	4
7300	6
7320	4
7340	0
7360	1
7380	3
7400	7
7420	3
7440	3
7460	5
7480	4
7500	3
7520	4
7540	0
7560	3
7580	5
7600	3
7620	5
7640	6
7660	2
7680	6
7700	5
7720	2
7740	6
7760	3
7780	3
7800	6
7820	2
7840	5
7860	2
7880	2
7900	4
7920	2
7940	4
7960	5
7980	5
8000	4
8020	6
8040	7
8060	1
8080	3
8100	8
8120	0
8140	3
8160	2
8180	2
8200	5
8220	2
8240	6
8260	3
8280	5
8300	3
8320	4
8340	5
8360	0
8380	3
8400	7
8420	7
8440	7
8460	5
8480	4
8500	2
8520	2
8540	1
8560	3
8580	3
8600	6
8620	3
8640	4
8660	4
8680	8
8700	4
8720	6
8740	4
8760	5
8780	3
8800	1
8820	0
8840	5
8860	2
8880	4
8900	2
8920	3
8940	3
8960	5
8980	6
9000	7
9020	3
9040	6
9060	6
9080	2
9100	4
9120	4
9140	5
9160	2
9180	8
9200	6
9220	7
9240	10
9260	21
9280	21
9300	20
9320	5
9340	6
9360	4
9380	0
9400	3
9420	3
9440	3
9460	2
9480	1
9500	5
9520	3
9540	4
9560	5
9580	5
9600	4
9620	4
9640	5
9660	4
9680	6
9700	4
9720	5
9740	4
9760	3
9780	2
9800	3
9820	5
9840	3
9860	1
9880	1
9900	1
9920	5
9940	3
9960	7
9980	3
10000	7
10020	1
10040	4
10060	2
10080	1
10100	3
10120	5
10140	2
10160	3
10180	1
10200	1
10220	5
10240	3
10260	9
10280	3
10300	1
10320	3
10340	2
10360	5
10380	4
10400	3
10420	4
10440	3
10460	0
10480	2
10500	5
10520	4
10540	2
10560	6
10580	6
10600	4
10620	3
10640	4
10660	3
10680	6
10700	4
10720	6
10740	7
10760	3
10780	6
10800	2
10820	2
10840	2
10860	6
10880	3
10900	3
10920	2
10940	4
10960	7
10980	8
11000	6
11020	5
11040	2
11060	7
11080	1
11100	7
11120	4
11140	6
11160	3
11180	3
11200	6
11220	1
11240	4
11260	1
11280	4
11300	1
11320	2
11340	4
11360	7
11380	2
11400	0
11420	0
11440	6
11460	6
11480	5
11500	3
11520	4
11540	2
11560	1
11580	10
11600	8
11620	7
11640	1
11660	2
11680	3
11700	0
11720	2
11740	3
11760	5
11780	2
11800	9
11820	1
11840	5
11860	4
11880	3
11900	8
11920	3
11940	3
11960	9
11980	2
12000	3
12020	4
12040	6
12060	5
12080	7
12100	3
12120	5
12140	9
12160	6
12180	5
12200	12
12220	5
12240	10
12260	17
12280	13
12300	21
12320	26
12340	48
12360	75
12380	191
12400	470
12420	1302
12440	2925
12460	5664
12480	6877
12500	3445
12520	790
12540	188
12560	42
12580	20
12600	17
12620	13
12640	16
12660	16
12680	8
12700	9
12720	3
12740	3
12760	3
12780	6
12800	4
12820	4
12840	2
12860	2
12880	2
12900	2
12920	1
12940	1
12960	8
12980	2
13000	4
13020	2
13040	3
13060	0
13080	3
13100	5
13120	3
13140	3
13160	4
13180	2
13200	0
13220	5
13240	5
13260	6
13280	8
13300	5
13320	6
13340	9
13360	8
13380	6
13400	4
13420	2
13440	3
13460	2
13480	0
13500	5
13520	3
13540	3
13560	7
13580	1
13600	4
13620	2
13640	2
13660	2
13680	0
13700	6
13720	4
13740	1
13760	3
13780	2
13800	4
13820	2
13840	8
13860	3
13880	8
13900	9
13920	3
13940	2
13960	2
13980	1
14000	2
14020	4
14040	6
14060	7
14080	2
14100	1
14120	3
14140	3
14160	3
14180	2
14200	2
14220	0
14240	6
14260	7
14280	6
14300	2
14320	2
14340	3
14360	4
14380	3
14400	1
14420	2
14440	1
14460	5
14480	2
14500	1
14520	3
14540	2
14560	2
14580	2
14600	1
14620	5
14640	1
14660	0
14680	2
14700	6
14720	0
14740	4
14760	2
14780	8
14800	5
14820	1
14840	3
14860	5
14880	4
14900	2
14920	4
14940	1
14960	0
14980	3
15000	2
15020	8
15040	3
15060	3
15080	5
15100	4
15120	4
15140	7
15160	2
15180	4
15200	2
15220	1
15240	2
15260	3
15280	2
15300	7
15320	6
15340	2
15360	1
15380	4
15400	3
15420	0
15440	3
15460	2
15480	4
15500	5
15520	6
15540	5
15560	3
15580	9
15600	1
15620	1
15640	2
15660	5
15680	0
15700	6
15720	3
15740	1
15760	2
15780	0
15800	0
15820	6
15840	4
15860	1
15880	5
15900	3
15920	5
15940	3
15960	0
15980	2
16000	1
16020	5
16040	4
16060	2
16080	3
16100	5
16120	2
16140	2
16160	2
16180	2
16200	4
16220	3
16240	5
16260	5
16280	6
16300	0
16320	5
16340	3
16360	2
16380	3
16400	3
16420	5
16440	7
16460	3
16480	5
16500	9
16520	3
16540	6
16560	4
16580	3
16600	1
16620	3
16640	6
16660	3
16680	2
16700	5
16720	2
16740	3
16760	4
16780	0
16800	2
16820	0
16840	6
16860	2
16880	4
16900	3
16920	1
16940	2
16960	6
16980	3
17000	5
17020	1
17040	2
17060	1
17080	2
17100	2
17120	3
17140	2
17160	6
17180	3
17200	2
17220	4
17240	7
17260	3
17280	3
17300	5
17320	6
17340	5
17360	6
17380	4
17400	0
17420	1
17440	2
17460	3
17480	5
17500	5
17520	1
17540	4
17560	4
17580	2
17600	2
17620	2
17640	2
17660	1
17680	1
17700	3
17720	4
17740	5
17760	5
17780	4
17800	7
17820	0
17840	2
17860	2
17880	8
17900	2
17920	3
17940	3
17960	2
17980	1
18000	5
18020	4
18040	3
18060	3
18080	1
18100	5
18120	2
18140	4
18160	3
18180	2
18200	0
18220	6
18240	1
18260	6
18280	5
18300	7
18320	2
18340	3
18360	1
18380	1
18400	3
18420	5
18440	4
18460	2
18480	2
18500	1
18520	3
18540	4
18560	3
18580	3
18600	4
18620	4
18640	2
18660	3
18680	2
18700	1
18720	4
18740	4
18760	3
18780	6
18800	3
18820	4
18840	5
18860	6
18880	2
18900	5
18920	2
18940	5
18960	7
18980	0
19000	3
19020	0
19040	3
19060	3
19080	2
19100	1
19120	2
19140	1
19160	6
19180	1
19200	3
19220	4
19240	3
19260	7
19280	7
19300	2
19320	4
19340	8
19360	7
19380	3
19400	3
19420	2
19440	6
19460	6
19480	3
19500	3
19520	1
19540	3
19560	7
19580	2
19600	3
19620	4
19640	4
19660	4
19680	5
19700	3
19720	5
19740	4
19760	4
19780	2
19800	2
19820	5
19840	3
19860	2
19880	4
19900	3
19920	6
19940	3
19960	6
19980	3
