"Time differences (ps)"	"Counts per bin"
-20000	1
-19980	1
-19960	2
-19940	0
-19920	5
-19900	0
-19880	1
-19860	0
-19840	3
-19820	2
-19800	2
-19780	4
-19760	0
-19740	2
-19720	4
-19700	0
-19680	3
-19660	1
-19640	0
-19620	1
-19600	0
-19580	0
-19560	0
-19540	1
-19520	3
-19500	2
-19480	1
-19460	3
-19440	0
-19420	2
-19400	0
-19380	1
-19360	2
-19340	0
-19320	1
-19300	1
-19280	1
-19260	0
-19240	2
-19220	1
-19200	1
-19180	0
-19160	3
-19140	1
-19120	2
-19100	0
-19080	0
-19060	1
-19040	1
-19020	2
-19000	2
-18980	3
-18960	2
-18940	2
-18920	2
-18900	0
-18880	0
-18860	1
-18840	0
-18820	3
-18800	1
-18780	2
-18760	2
-18740	0
-18720	1
-18700	2
-18680	0
-18660	1
-18640	0
-18620	0
-18600	0
-18580	0
-18560	2
-18540	2
-18520	0
-18500	1
-18480	1
-18460	1
-18440	2
-18420	2
-18400	0
-18380	1
-18360	1
-18340	2
-18320	3
-18300	1
-18280	2
-18260	0
-18240	1
-18220	2
-18200	2
-18180	2
-18160	0
-18140	2
-18120	1
-18100	3
-18080	0
-18060	1
-18040	3
-18020	1
-18000	1
-17980	2
-17960	3
-17940	3
-17920	0
-17900	2
-17880	6
-17860	2
-17840	0
-17820	2
-17800	1
-17780	3
-17760	1
-17740	3
-17720	1
-17700	2
-17680	2
-17660	0
-17640	1
-17620	2
-17600	1
-17580	2
-17560	1
-17540	0
-17520	2
-17500	1
-17480	2
-17460	1
-17440	1
-17420	1
-17400	3
-17380	1
-17360	4
-17340	1
-17320	1
-17300	0
-17280	1
-17260	3
-17240	1
-17220	2
-17200	1
-17180	1
-17160	2
-17140	2
-17120	2
-17100	1
-17080	2
-17060	1
-17040	3
-17020	0
-17000	0
-16980	1
-16960	4
-16940	0
-16920	1
-16900	2
-16880	3
-16860	0
-16840	3
-16820	3
-16800	5
-16780	1
-16760	6
-16740	2
-16720	0
-16700	2
-16680	2
-16660	2
-16640	8
-16620	2
-16600	0
-16580	2
-16560	2
-16540	1
-16520	4
-16500	2
-16480	3
-16460	3
-16440	0
-16420	4
-16400	4
-16380	1
-16360	3
-16340	2
-16320	2
-16300	1
-16280	0
-16260	2
-16240	3
-16220	2
-16200	0
-16180	3
-16160	1
-16140	0
-16120	2
-16100	3
-16080	3
-16060	2
-16040	1
-16020	2
-16000	1
-15980	3
-15960	3
-15940	2
-15920	4
-15900	1
-15880	5
-15860	2
-15840	3
-15820	0
-15800	2
-15780	3
-15760	6
-15740	5
-15720	20
-15700	29
-15680	20
-15660	6
-15640	9
-15620	1
-15600	1
-15580	1
-15560	3
-15540	1
-15520	2
-15500	1
-15480	0
-15460	3
-15440	0
-15420	3
-15400	2
-15380	4
-15360	1
-15340	1
-15320	7
-15300	0
-15280	2
-15260	1
-15240	2
-15220	1
-15200	3
-15180	3
-15160	1
-15140	0
-15120	0
-15100	5
-15080	0
-15060	1
-15040	5
-15020	0
-15000	4
-14980	1
-14960	1
-14940	0
-14920	4
-14900	2
-14880	0
-14860	3
-14840	4
-14820	0
-14800	2
-14780	3
-14760	4
-14740	2
-14720	1
-14700	0
-14680	2
-14660	2
-14640	0
-14620	3
-14600	3
-14580	1
-14560	2
-14540	3
-14520	1
-14500	1
-14480	3
-14460	1
-14440	2
-14420	3
-14400	1
-14380	2
-14360	0
-14340	1
-14320	1
-14300	4
-14280	3
-14260	0
-14240	3
-14220	4
-14200	3
-14180	3
-14160	1
-14140	2
-14120	1
-14100	0
-14080	1
-14060	1
-14040	3
-14020	0
-14000	2
-13980	1
-13960	0
-13940	0
-13920	2
-13900	0
-13880	5
-13860	4
-13840	0
-13820	4
-13800	2
-13780	2
-13760	1
-13740	1
-13720	2
-13700	1
-13680	4
-13660	3
-13640	3
-13620	1
-13600	0
-13580	1
-13560	1
-13540	3
-13520	1
-13500	4
-13480	3
-13460	3
-13440	4
-13420	4
-13400	5
-13380	7
-13360	1
-13340	0
-13320	2
-13300	3
-13280	3
-13260	2
-13240	3
-13220	2
-13200	0
-13180	3
-13160	4
-13140	2
-13120	0
-13100	1
-13080	3
-13060	3
-13040	3
-13020	1
-13000	2
-12980	0
-12960	0
-12940	2
-12920	3
-12900	1
-12880	1
-12860	0
-12840	3
-12820	3
-12800	3
-12780	0
-12760	6
-12740	5
-12720	6
-12700	4
-12680	11
-12660	19
-12640	37
-12620	59
-12600	123
-12580	335
-12560	845
-12540	2088
-12520	4574
-12500	6981
-12480	5220
-12460	1605
-12440	314
-12420	67
-12400	24
-12380	10
-12360	17
-12340	14
-12320	21
-12300	14
-12280	7
-12260	4
-12240	3
-12220	0
-12200	1
-12180	0
-12160	0
-12140	1
-12120	1
-12100	1
-12080	0
-12060	4
-12040	1
-12020	2
-12000	1
-11980	1
-11960	1
-11940	2
-11920	1
-11900	0
-11880	5
-11860	0
-11840	1
-11820	1
-11800	2
-11780	2
-11760	0
-11740	0
-11720	2
-11700	2
-11680	4
-11660	2
-11640	2
-11620	1
-11600	1
-11580	1
-11560	1
-11540	0
-11520	1
-11500	0
-11480	1
-11460	1
-11440	0
-11420	0
-11400	1
-11380	3
-11360	0
-11340	4
-11320	1
-11300	1
-11280	1
-11260	0
-11240	0
-11220	3
-11200	2
-11180	0
-11160	2
-11140	2
-11120	4
-11100	1
-11080	10
-11060	6
-11040	0
-11020	2
-11000	0
-10980	1
-10960	2
-10940	1
-10920	0
-10900	1
-10880	2
-10860	1
-10840	2
-10820	1
-10800	0
-10780	2
-10760	2
-10740	0
-10720	0
-10700	0
-10680	0
-10660	0
-10640	2
-10620	1
-10600	1
-10580	1
-10560	1
-10540	0
-10520	1
-10500	0
-10480	1
-10460	1
-10440	4
-10420	0
-10400	0
-10380	3
-10360	3
-10340	0
-10320	3
-10300	0
-10280	1
-10260	0
-10240	3
-10220	0
-10200	2
-10180	0
-10160	1
-10140	1
-10120	3
-10100	0
-10080	1
-10060	0
-10040	1
-10020	1
-10000	0
-9980	0
-9960	2
-9940	1
-9920	2
-9900	1
-9880	0
-9860	0
-9840	0
-9820	1
-9800	3
-9780	1
-9760	1
-9740	2
-9720	0
-9700	1
-9680	1
-9660	1
-9640	0
-9620	3
-9600	1
-9580	0
-9560	0
-9540	0
-9520	0
-9500	1
-9480	1
-9460	2
-9440	3
-9420	2
-9400	4
-9380	1
-9360	2
-9340	0
-9320	3
-9300	4
-9280	1
-9260	2
-9240	1
-9220	1
-9200	3
-9180	0
-9160	2
-9140	2
-9120	0
-9100	2
-9080	0
-9060	1
-9040	2
-9020	1
-9000	0
-8980	0
-8960	0
-8940	1
-8920	2
-8900	2
-8880	0
-8860	0
-8840	0
-8820	0
-8800	1
-8780	0
-8760	2
-8740	0
-8720	1
-8700	1
-8680	0
-8660	1
-8640	4
-8620	0
-8600	1
-8580	1
-8560	2
-8540	2
-8520	3
-8500	2
-8480	1
-8460	3
-8440	1
-8420	0
-8400	0
-8380	3
-8360	3
-8340	2
-8320	0
-8300	1
-8280	2
-8260	2
-8240	3
-8220	0
-8200	0
-8180	0
-8160	0
-8140	1
-8120	2
-8100	1
-8080	0
-8060	0
-8040	1
-8020	0
-8000	0
-7980	0
-7960	1
-7940	0
-7920	2
-7900	0
-7880	0
-7860	0
-7840	0
-7820	1
-7800	1
-7780	1
-7760	2
-7740	2
-7720	0
-7700	2
-7680	5
-7660	1
-7640	4
-7620	4
-7600	2
-7580	5
-7560	0
-7540	4
-7520	1
-7500	0
-7480	1
-7460	1
-7440	0
-7420	2
-7400	2
-7380	0
-7360	2
-7340	0
-7320	0
-7300	1
-7280	2
-7260	0
-7240	0
-7220	2
-7200	1
-7180	0
-7160	1
-7140	0
-7120	0
-7100	0
-7080	0
-7060	1
-7040	0
-7020	2
-7000	2
-6980	1
-6960	1
-6940	1
-6920	4
-6900	2
-6880	0
-6860	0
-6840	3
-6820	1
-6800	1
-6780	0
-6760	0
-6740	0
-6720	3
-6700	3
-6680	0
-6660	1
-6640	0
-6620	2
-6600	0
-6580	0
-6560	1
-6540	0
-6520	1
-6500	0
-6480	1
-6460	2
-6440	1
-6420	2
-6400	1
-6380	1
-6360	1
-6340	3
-6320	0
-6300	0
-6280	0
-6260	0
-6240	1
-6220	1
-6200	2
-6180	0
-6160	0
-6140	0
-6120	1
-6100	1
-6080	1
-6060	2
-6040	2
-6020	1
-6000	1
-5980	1
-5960	0
-5940	0
-5920	1
-5900	1
-5880	2
-5860	1
-5840	2
-5820	1
-5800	1
-5780	2
-5760	1
-5740	1
-5720	1
-5700	2
-5680	1
-5660	1
-5640	0
-5620	0
-5600	0
-5580	1
-5560	1
-5540	3
-5520	0
-5500	2
-5480	3
-5460	0
-5440	3
-5420	1
-5400	4
-5380	2
-5360	1
-5340	2
-5320	0
-5300	2
-5280	0
-5260	1
-5240	0
-5220	3
-5200	0
-5180	1
-5160	0
-5140	2
-5120	0
-5100	1
-5080	0
-5060	2
-5040	1
-5020	1
-5000	0
-4980	1
-4960	1
-4940	1
-4920	3
-4900	1
-4880	0
-4860	2
-4840	1
-4820	0
-4800	1
-4780	2
-4760	1
-4740	0
-4720	3
-4700	1
-4680	3
-4660	2
-4640	0
-4620	0
-4600	2
-4580	2
-4560	0
-4540	0
-4520	2
-4500	2
-4480	0
-4460	2
-4440	2
-4420	3
-4400	2
-4380	1
-4360	2
-4340	0
-4320	2
-4300	1
-4280	2
-4260	2
-4240	2
-4220	0
-4200	3
-4180	1
-4160	3
-4140	1
-4120	2
-4100	1
-4080	6
-4060	3
-4040	7
-4020	5
-4000	3
-3980	1
-3960	2
-3940	2
-3920	2
-3900	2
-3880	1
-3860	1
-3840	0
-3820	3
-3800	1
-3780	3
-3760	1
-3740	3
-3720	4
-3700	3
-3680	1
-3660	2
-3640	0
-3620	1
-3600	1
-3580	1
-3560	1
-3540	2
-3520	1
-3500	2
-3480	1
-3460	0
-3440	2
-3420	1
-3400	1
-3380	2
-3360	2
-3340	1
-3320	0
-3300	5
-3280	3
-3260	3
-3240	12
-3220	17
-3200	25
-3180	13
-3160	2
-3140	1
-3120	1
-3100	0
-3080	2
-3060	1
-3040	1
-3020	2
-3000	2
-2980	0
-2960	1
-2940	4
-2920	1
-2900	0
-2880	2
-2860	2
-2840	0
-2820	2
-2800	0
-2780	0
-2760	1
-2740	3
-2720	2
-2700	0
-2680	0
-2660	0
-2640	0
-2620	0
-2600	3
-2580	0
-2560	1
-2540	3
-2520	2
-2500	1
-2480	2
-2460	1
-2440	2
-2420	1
-2400	1
-2380	0
-2360	3
-2340	0
-2320	3
-2300	2
-2280	0
-2260	1
-2240	1
-2220	1
-2200	3
-2180	2
-2160	1
-2140	1
-2120	2
-2100	1
-2080	2
-2060	3
-2040	0
-2020	1
-2000	3
-1980	2
-1960	1
-1940	1
-1920	2
-1900	4
-1880	1
-1860	1
-1840	2
-1820	0
-1800	3
-1780	1
-1760	0
-1740	0
-1720	2
-1700	1
-1680	0
-1660	2
-1640	3
-1620	4
-1600	0
-1580	2
-1560	2
-1540	2
-1520	0
-1500	2
-1480	1
-1460	3
-1440	2
-1420	0
-1400	3
-1380	1
-1360	2
-1340	1
-1320	3
-1300	0
-1280	2
-1260	3
-1240	3
-1220	4
-1200	3
-1180	5
-1160	2
-1140	3
-1120	1
-1100	3
-1080	0
-1060	2
-1040	4
-1020	1
-1000	1
-980	1
-960	2
-940	5
-920	2
-900	2
-880	2
-860	2
-840	1
-820	2
-800	4
-780	2
-760	2
-740	2
-720	2
-700	2
-680	1
-660	2
-640	2
-620	4
-600	3
-580	1
-560	1
-540	1
-520	1
-500	1
-480	1
-460	1
-440	1
-420	1
-400	0
-380	1
-360	4
-340	3
-320	5
-300	4
-280	2
-260	10
-240	11
-220	3
-200	9
-180	13
-160	26
-140	45
-120	79
-100	255
-80	720
-60	2004
-40	5394
-20	11179
0	9007
20	1509
40	137
60	21
80	13
100	8
120	13
140	13
160	25
180	11
200	6
220	2
240	4
260	5
280	4
300	0
320	6
340	3
360	4
380	2
400	5
420	4
440	0
460	2
480	2
500	8
520	0
540	2
560	2
580	0
600	9
620	0
640	3
660	2
680	2
700	2
720	3
740	6
760	4
780	3
800	6
820	6
840	11
860	4
880	8
900	3
920	2
940	5
960	6
980	1
1000	2
1020	1
1040	2
1060	1
1080	2
1100	3
1120	3
1140	3
1160	2
1180	2
1200	2
1220	3
1240	3
1260	5
1280	4
1300	2
1320	5
1340	4
1360	4
1380	3
1400	9
1420	8
1440	6
1460	3
1480	3
1500	1
1520	2
1540	4
1560	2
1580	0
1600	4
1620	4
1640	5
1660	2
1680	1
1700	2
1720	3
1740	0
1760	7
1780	6
1800	3
1820	2
1840	2
1860	1
1880	4
1900	5
1920	4
1940	2
1960	2
1980	4
2000	1
2020	2
2040	5
2060	6
2080	2
2100	6
2120	7
2140	3
2160	4
2180	3
2200	2
2220	4
2240	5
2260	4
2280	1
2300	0
2320	4
2340	1
2360	0
2380	2
2400	1
2420	4
2440	3
2460	5
2480	3
2500	2
2520	1
2540	2
2560	2
2580	3
2600	5
2620	5
2640	1
2660	1
2680	4
2700	0
2720	5
2740	3
2760	3
2780	2
2800	3
2820	3
2840	0
2860	2
2880	4
2900	6
2920	3
2940	1
2960	6
2980	3
3000	3
3020	1
3040	5
3060	2
3080	5
3100	3
3120	7
3140	2
3160	2
3180	4
3200	2
3220	3
3240	3
3260	3
3280	4
3300	6
3320	2
3340	3
3360	1
3380	4
3400	4
3420	4
3440	5
3460	4
3480	2
3500	2
3520	3
3540	0
3560	1
3580	6
3600	4
3620	1
3640	4
3660	4
3680	3
3700	5
3720	0
3740	3
3760	1
3780	0
3800	2
3820	1
3840	9
3860	3
3880	3
3900	1
3920	3
3940	2
3960	2
3980	5
4000	6
4020	4
4040	2
4060	1
4080	0
4100	1
4120	6
4140	4
4160	4
4180	2
4200	3
4220	2
4240	3
4260	3
4280	4
4300	1
4320	3
4340	3
4360	5
4380	3
4400	2
4420	3
4440	2
4460	3
4480	4
4500	4
4520	5
4540	7
4560	2
4580	2
4600	2
4620	2
4640	4
4660	3
4680	4
4700	5
4720	9
4740	2
4760	4
4780	1
4800	3
4820	3
4840	6
4860	5
4880	8
4900	5
4920	4
4940	3
4960	5
4980	6
5000	1
5020	1
5040	4
5060	6
5080	5
5100	4
5120	3
5140	1
5160	2
5180	7
5200	4
5220	0
5240	2
5260	3
5280	1
5300	5
5320	4
5340	5
5360	3
5380	2
5400	6
5420	5
5440	2
5460	7
5480	5
5500	4
5520	5
5540	2
5560	2
5580	4
5600	3
5620	0
5640	2
5660	1
5680	1
5700	4
5720	4
5740	2
5760	3
5780	3
5800	0
5820	5
5840	1
5860	6
5880	6
5900	4
5920	3
5940	3
5960	4
5980	4
6000	2
6020	2
6040	4
6060	2
6080	3
6100	2
6120	4
6140	3
6160	1
6180	7
6200	3
6220	5
6240	2
6260	6
6280	2
6300	3
6320	4
6340	6
6360	4
6380	5
6400	3
6420	7
6440	1
6460	4
6480	2
6500	1
6520	2
6540	4
6560	3
6580	0
6600	6
6620	3
6640	3
6660	2
6680	4
6700	4
6720	3
6740	6
6760	4
6780	2
6800	2
6820	3
6840	5
6860	4
6880	2
6900	3
6920	6
6940	4
6960	1
6980	3
7000	7
7020	1
7040	5
7060	6
7080	3
7100	4
7120	4
7140	7
7160	3
7180	3
7200	3
7220	1
7240	5
7260	4
7280	3
7300	3
7320	0
7340	5
7360	1
7380	3
7400	3
7420	5
7440	2
7460	1
7480	4
7500	2
7520	0
7540	3
7560	8
7580	7
7600	4
7620	2
7640	1
7660	3
7680	2
7700	1
7720	1
7740	5
7760	5
7780	3
7800	9
7820	4
7840	3
7860	7
7880	5
7900	2
7920	2
7940	3
7960	6
7980	6
8000	4
8020	4
8040	5
8060	3
8080	5
8100	5
8120	3
8140	4
8160	3
8180	3
8200	6
8220	1
8240	7
8260	2
8280	5
8300	2
8320	2
8340	6
8360	2
8380	2
8400	4
8420	4
8440	12
8460	7
8480	6
8500	3
8520	3
8540	8
8560	0
8580	5
8600	5
8620	4
8640	5
8660	2
8680	4
8700	5
8720	3
8740	3
8760	0
8780	5
8800	2
8820	0
8840	0
8860	1
8880	4
8900	1
8920	3
8940	5
8960	4
8980	2
9000	2
9020	2
9040	4
9060	3
9080	4
9100	2
9120	4
9140	3
9160	5
9180	4
9200	6
9220	8
9240	13
9260	24
9280	31
9300	20
9320	4
9340	3
9360	4
9380	6
9400	6
9420	4
9440	2
9460	2
9480	7
9500	4
9520	2
9540	6
9560	5
9580	4
9600	1
9620	2
9640	3
9660	3
9680	0
9700	6
9720	1
9740	4
9760	3
9780	3
9800	5
9820	9
9840	2
9860	4
9880	8
9900	6
9920	2
9940	4
9960	4
9980	9
10000	6
10020	3
10040	3
10060	3
10080	8
10100	1
10120	1
10140	5
10160	3
10180	1
10200	2
10220	4
10240	3
10260	4
10280	4
10300	2
10320	4
10340	8
10360	2
10380	2
10400	3
10420	6
10440	4
10460	5
10480	3
10500	5
10520	4
10540	5
10560	4
10580	2
10600	3
10620	3
10640	6
10660	5
10680	5
10700	5
10720	5
10740	2
10760	3
10780	2
10800	1
10820	6
10840	3
10860	6
10880	2
10900	5
10920	3
10940	11
10960	6
10980	8
11000	4
11020	4
11040	4
11060	6
11080	7
11100	5
11120	3
11140	7
11160	3
11180	2
11200	4
11220	5
11240	3
11260	7
11280	5
11300	6
11320	7
11340	4
11360	4
11380	5
11400	4
11420	4
11440	5
11460	4
11480	3
11500	5
11520	2
11540	2
11560	6
11580	5
11600	2
11620	5
11640	1
11660	4
11680	1
11700	2
11720	7
11740	3
11760	3
11780	6
11800	1
11820	8
11840	5
11860	7
11880	4
11900	5
11920	5
11940	6
11960	3
11980	1
12000	7
12020	5
12040	3
12060	2
12080	2
12100	5
12120	5
12140	2
12160	4
12180	6
12200	8
12220	3
12240	10
12260	8
12280	12
12300	22
12320	33
12340	59
12360	87
12380	212
12400	547
12420	1296
12440	3060
12460	5735
12480	6862
12500	3203
12520	783
12540	151
12560	40
12580	20
12600	14
12620	18
12640	20
12660	13
12680	10
12700	5
12720	1
12740	3
12760	1
12780	3
12800	1
12820	0
12840	0
12860	6
12880	2
12900	5
12920	2
12940	3
12960	0
12980	4
13000	2
13020	1
13040	7
13060	1
13080	2
13100	3
13120	4
13140	1
13160	1
13180	2
13200	4
13220	5
13240	4
13260	4
13280	4
13300	14
13320	5
13340	10
13360	3
13380	3
13400	2
13420	3
13440	2
13460	3
13480	2
13500	4
13520	1
13540	3
13560	3
13580	2
13600	7
13620	2
13640	1
13660	4
13680	4
13700	2
13720	4
13740	3
13760	2
13780	3
13800	3
13820	2
13840	4
13860	8
13880	7
13900	5
13920	3
13940	1
13960	5
13980	3
14000	2
14020	2
14040	4
14060	5
14080	2
14100	1
14120	3
14140	3
14160	2
14180	5
14200	2
14220	2
14240	1
14260	1
14280	2
14300	0
14320	0
14340	3
14360	3
14380	1
14400	2
14420	3
14440	2
14460	3
14480	4
14500	5
14520	3
14540	2
14560	1
14580	0
14600	3
14620	3
14640	4
14660	4
14680	1
14700	3
14720	7
14740	4
14760	2
14780	2
14800	3
14820	3
14840	3
14860	3
14880	3
14900	3
14920	3
14940	1
14960	6
14980	1
15000	1
15020	3
15040	0
15060	4
15080	1
15100	2
15120	4
15140	6
15160	2
15180	4
15200	2
15220	1
15240	3
15260	2
15280	2
15300	4
15320	3
15340	8
15360	4
15380	1
15400	1
15420	4
15440	3
15460	2
15480	1
15500	3
15520	5
15540	3
15560	1
15580	1
15600	2
15620	6
15640	2
15660	2
15680	1
15700	6
15720	3
15740	3
15760	2
15780	0
15800	4
15820	2
15840	2
15860	2
15880	3
15900	1
15920	2
15940	3
15960	1
15980	1
16000	1
16020	3
16040	4
16060	4
16080	5
16100	6
16120	4
16140	4
16160	7
16180	3
16200	2
16220	5
16240	4
16260	5
16280	5
16300	4
16320	3
16340	4
16360	4
16380	3
16400	2
16420	3
16440	1
16460	7
16480	8
16500	2
16520	9
16540	3
16560	2
16580	6
16600	1
16620	3
16640	2
16660	0
16680	2
16700	2
16720	3
16740	1
16760	2
16780	6
16800	4
16820	5
16840	1
16860	3
16880	1
16900	2
16920	2
16940	3
16960	4
16980	2
17000	2
17020	3
17040	4
17060	4
17080	2
17100	3
17120	6
17140	4
17160	3
17180	5
17200	7
17220	5
17240	4
17260	3
17280	4
17300	4
17320	5
17340	2
17360	2
17380	3
17400	3
17420	4
17440	2
17460	1
17480	4
17500	3
17520	3
17540	2
17560	2
17580	3
17600	6
17620	3
17640	3
17660	2
17680	3
17700	5
17720	1
17740	3
17760	3
17780	2
17800	4
17820	3
17840	3
17860	4
17880	4
17900	2
17920	1
17940	7
17960	1
17980	5
18000	3
18020	3
18040	3
18060	3
18080	4
18100	7
18120	5
18140	5
18160	0
18180	5
18200	7
18220	2
18240	1
18260	1
18280	0
18300	6
18320	3
18340	3
18360	2
18380	2
18400	4
18420	2
18440	2
18460	7
18480	4
18500	1
18520	3
18540	6
18560	3
18580	2
18600	0
18620	0
18640	2
18660	2
18680	3
18700	1
18720	4
18740	3
18760	6
18780	4
18800	5
18820	2
18840	0
18860	1
18880	3
18900	4
18920	5
18940	5
18960	4
18980	6
19000	5
19020	3
19040	1
19060	5
19080	2
19100	1
19120	3
19140	6
19160	2
19180	2
19200	6
19220	3
19240	5
19260	2
19280	4
19300	4
19320	5
19340	2
19360	2
19380	4
19400	3
19420	2
19440	5
19460	2
19480	2
19500	3
19520	6
19540	4
19560	3
19580	4
19600	3
19620	2
19640	5
19660	2
19680	4
19700	7
19720	2
19740	2
19760	0
19780	5
19800	2
19820	4
19840	1
19860	5
19880	4
19900	2
19920	5
19940	2
19960	2
19980	5
