"Time differences (ps)"	"Counts per bin"
-20000	2
-19980	2
-19960	1
-19940	0
-19920	1
-19900	4
-19880	3
-19860	5
-19840	2
-19820	2
-19800	3
-19780	1
-19760	1
-19740	4
-19720	1
-19700	1
-19680	1
-19660	0
-19640	0
-19620	1
-19600	2
-19580	3
-19560	1
-19540	3
-19520	0
-19500	2
-19480	1
-19460	5
-19440	2
-19420	1
-19400	0
-19380	4
-19360	2
-19340	1
-19320	0
-19300	2
-19280	3
-19260	1
-19240	0
-19220	2
-19200	0
-19180	2
-19160	3
-19140	1
-19120	2
-19100	0
-19080	0
-19060	2
-19040	1
-19020	2
-19000	3
-18980	2
-18960	1
-18940	1
-18920	2
-18900	1
-18880	1
-18860	0
-18840	3
-18820	0
-18800	4
-18780	2
-18760	1
-18740	4
-18720	2
-18700	3
-18680	3
-18660	4
-18640	2
-18620	3
-18600	0
-18580	1
-18560	1
-18540	3
-18520	0
-18500	0
-18480	5
-18460	1
-18440	2
-18420	3
-18400	3
-18380	1
-18360	0
-18340	5
-18320	1
-18300	5
-18280	2
-18260	1
-18240	1
-18220	1
-18200	1
-18180	2
-18160	2
-18140	3
-18120	3
-18100	2
-18080	3
-18060	3
-18040	3
-18020	3
-18000	1
-17980	1
-17960	4
-17940	3
-17920	0
-17900	5
-17880	1
-17860	3
-17840	1
-17820	2
-17800	3
-17780	2
-17760	1
-17740	2
-17720	1
-17700	0
-17680	2
-17660	2
-17640	3
-17620	1
-17600	1
-17580	2
-17560	1
-17540	4
-17520	1
-17500	1
-17480	4
-17460	1
-17440	3
-17420	3
-17400	1
-17380	3
-17360	3
-17340	3
-17320	2
-17300	3
-17280	0
-17260	1
-17240	3
-17220	0
-17200	3
-17180	2
-17160	1
-17140	1
-17120	3
-17100	1
-17080	0
-17060	1
-17040	0
-17020	2
-17000	2
-16980	3
-16960	2
-16940	2
-16920	1
-16900	1
-16880	2
-16860	3
-16840	3
-16820	1
-16800	1
-16780	3
-16760	0
-16740	2
-16720	0
-16700	3
-16680	2
-16660	3
-16640	2
-16620	1
-16600	2
-16580	5
-16560	1
-16540	4
-16520	6
-16500	8
-16480	1
-16460	3
-16440	2
-16420	0
-16400	1
-16380	2
-16360	1
-16340	2
-16320	1
-16300	1
-16280	0
-16260	2
-16240	3
-16220	1
-16200	4
-16180	3
-16160	8
-16140	2
-16120	2
-16100	2
-16080	0
-16060	0
-16040	2
-16020	3
-16000	2
-15980	2
-15960	1
-15940	0
-15920	0
-15900	0
-15880	2
-15860	5
-15840	0
-15820	3
-15800	3
-15780	3
-15760	7
-15740	8
-15720	26
-15700	27
-15680	24
-15660	19
-15640	5
-15620	7
-15600	1
-15580	1
-15560	1
-15540	0
-15520	2
-15500	2
-15480	3
-15460	0
-15440	3
-15420	2
-15400	2
-15380	1
-15360	2
-15340	0
-15320	3
-15300	2
-15280	1
-15260	1
-15240	1
-15220	3
-15200	2
-15180	1
-15160	5
-15140	6
-15120	0
-15100	2
-15080	3
-15060	4
-15040	1
-15020	3
-15000	4
-14980	3
-14960	2
-14940	1
-14920	1
-14900	2
-14880	3
-14860	1
-14840	1
-14820	3
-14800	0
-14780	0
-14760	2
-14740	2
-14720	2
-14700	6
-14680	3
-14660	2
-14640	4
-14620	0
-14600	1
-14580	1
-14560	2
-14540	0
-14520	1
-14500	7
-14480	2
-14460	2
-14440	2
-14420	3
-14400	5
-14380	0
-14360	2
-14340	0
-14320	2
-14300	5
-14280	2
-14260	2
-14240	8
-14220	2
-14200	2
-14180	2
-14160	5
-14140	0
-14120	2
-14100	3
-14080	3
-14060	6
-14040	1
-14020	2
-14000	3
-13980	1
-13960	2
-13940	3
-13920	4
-13900	1
-13880	2
-13860	3
-13840	1
-13820	2
-13800	2
-13780	0
-13760	2
-13740	3
-13720	1
-13700	4
-13680	1
-13660	3
-13640	3
-13620	1
-13600	0
-13580	2
-13560	0
-13540	1
-13520	3
-13500	2
-13480	1
-13460	0
-13440	2
-13420	4
-13400	5
-13380	3
-13360	2
-13340	4
-13320	4
-13300	3
-13280	1
-13260	1
-13240	4
-13220	2
-13200	3
-13180	3
-13160	3
-13140	2
-13120	1
-13100	3
-13080	3
-13060	5
-13040	0
-13020	2
-13000	4
-12980	3
-12960	4
-12940	4
-12920	6
-12900	6
-12880	2
-12860	3
-12840	3
-12820	5
-12800	5
-12780	2
-12760	7
-12740	5
-12720	10
-12700	18
-12680	13
-12660	27
-12640	50
-12620	112
-12600	241
-12580	483
-12560	1208
-12540	2668
-12520	5346
-12500	7649
-12480	5541
-12460	1752
-12440	372
-12420	59
-12400	20
-12380	9
-12360	14
-12340	19
-12320	19
-12300	10
-12280	2
-12260	2
-12240	2
-12220	1
-12200	4
-12180	0
-12160	0
-12140	0
-12120	1
-12100	3
-12080	1
-12060	3
-12040	2
-12020	3
-12000	1
-11980	0
-11960	1
-11940	1
-11920	0
-11900	1
-11880	3
-11860	4
-11840	0
-11820	2
-11800	4
-11780	0
-11760	3
-11740	1
-11720	3
-11700	5
-11680	2
-11660	6
-11640	10
-11620	3
-11600	4
-11580	0
-11560	3
-11540	2
-11520	0
-11500	1
-11480	0
-11460	1
-11440	0
-11420	4
-11400	1
-11380	0
-11360	0
-11340	0
-11320	1
-11300	0
-11280	2
-11260	1
-11240	2
-11220	0
-11200	1
-11180	1
-11160	0
-11140	2
-11120	4
-11100	7
-11080	9
-11060	3
-11040	3
-11020	2
-11000	1
-10980	2
-10960	1
-10940	1
-10920	3
-10900	2
-10880	0
-10860	1
-10840	2
-10820	3
-10800	4
-10780	4
-10760	0
-10740	0
-10720	2
-10700	0
-10680	3
-10660	0
-10640	2
-10620	1
-10600	2
-10580	0
-10560	1
-10540	0
-10520	1
-10500	2
-10480	0
-10460	2
-10440	0
-10420	0
-10400	1
-10380	1
-10360	2
-10340	2
-10320	3
-10300	1
-10280	2
-10260	2
-10240	0
-10220	1
-10200	2
-10180	0
-10160	2
-10140	2
-10120	0
-10100	0
-10080	2
-10060	1
-10040	0
-10020	2
-10000	3
-9980	2
-9960	1
-9940	0
-9920	1
-9900	2
-9880	0
-9860	1
-9840	0
-9820	3
-9800	0
-9780	0
-9760	1
-9740	1
-9720	1
-9700	3
-9680	0
-9660	0
-9640	3
-9620	2
-9600	1
-9580	0
-9560	2
-9540	1
-9520	3
-9500	2
-9480	2
-9460	0
-9440	2
-9420	0
-9400	3
-9380	2
-9360	2
-9340	1
-9320	1
-9300	3
-9280	3
-9260	0
-9240	1
-9220	3
-9200	3
-9180	0
-9160	4
-9140	2
-9120	0
-9100	0
-9080	0
-9060	0
-9040	1
-9020	2
-9000	0
-8980	0
-8960	0
-8940	1
-8920	0
-8900	0
-8880	3
-8860	2
-8840	2
-8820	0
-8800	2
-8780	1
-8760	0
-8740	1
-8720	1
-8700	2
-8680	1
-8660	2
-8640	2
-8620	2
-8600	1
-8580	0
-8560	2
-8540	1
-8520	2
-8500	7
-8480	4
-8460	4
-8440	2
-8420	2
-8400	1
-8380	1
-8360	1
-8340	4
-8320	1
-8300	1
-8280	3
-8260	2
-8240	2
-8220	2
-8200	1
-8180	1
-8160	0
-8140	2
-8120	2
-8100	1
-8080	1
-8060	0
-8040	0
-8020	1
-8000	1
-7980	0
-7960	1
-7940	1
-7920	2
-7900	2
-7880	1
-7860	0
-7840	3
-7820	2
-7800	1
-7780	3
-7760	3
-7740	1
-7720	3
-7700	0
-7680	1
-7660	7
-7640	2
-7620	6
-7600	3
-7580	1
-7560	1
-7540	1
-7520	6
-7500	1
-7480	1
-7460	0
-7440	2
-7420	3
-7400	8
-7380	4
-7360	0
-7340	2
-7320	2
-7300	3
-7280	0
-7260	2
-7240	2
-7220	1
-7200	1
-7180	3
-7160	2
-7140	1
-7120	0
-7100	2
-7080	2
-7060	1
-7040	1
-7020	0
-7000	3
-6980	1
-6960	1
-6940	0
-6920	2
-6900	1
-6880	0
-6860	0
-6840	2
-6820	1
-6800	3
-6780	0
-6760	4
-6740	1
-6720	0
-6700	3
-6680	2
-6660	2
-6640	2
-6620	1
-6600	1
-6580	1
-6560	1
-6540	6
-6520	1
-6500	1
-6480	1
-6460	3
-6440	3
-6420	4
-6400	1
-6380	2
-6360	1
-6340	1
-6320	0
-6300	0
-6280	1
-6260	2
-6240	2
-6220	2
-6200	1
-6180	1
-6160	1
-6140	2
-6120	2
-6100	3
-6080	2
-6060	2
-6040	0
-6020	2
-6000	1
-5980	0
-5960	2
-5940	0
-5920	3
-5900	3
-5880	0
-5860	1
-5840	1
-5820	1
-5800	1
-5780	0
-5760	0
-5740	4
-5720	3
-5700	1
-5680	3
-5660	2
-5640	1
-5620	4
-5600	1
-5580	1
-5560	1
-5540	3
-5520	1
-5500	0
-5480	1
-5460	2
-5440	2
-5420	2
-5400	0
-5380	3
-5360	2
-5340	0
-5320	1
-5300	2
-5280	0
-5260	1
-5240	2
-5220	1
-5200	3
-5180	3
-5160	0
-5140	3
-5120	0
-5100	2
-5080	2
-5060	1
-5040	0
-5020	0
-5000	0
-4980	2
-4960	2
-4940	2
-4920	2
-4900	5
-4880	1
-4860	1
-4840	0
-4820	1
-4800	1
-4780	3
-4760	2
-4740	2
-4720	3
-4700	0
-4680	1
-4660	4
-4640	3
-4620	1
-4600	1
-4580	3
-4560	1
-4540	3
-4520	1
-4500	0
-4480	2
-4460	0
-4440	0
-4420	1
-4400	1
-4380	0
-4360	3
-4340	3
-4320	1
-4300	2
-4280	3
-4260	1
-4240	0
-4220	2
-4200	3
-4180	0
-4160	2
-4140	0
-4120	4
-4100	1
-4080	5
-4060	4
-4040	4
-4020	4
-4000	6
-3980	3
-3960	3
-3940	3
-3920	1
-3900	1
-3880	2
-3860	0
-3840	3
-3820	2
-3800	1
-3780	0
-3760	1
-3740	1
-3720	1
-3700	1
-3680	1
-3660	0
-3640	0
-3620	1
-3600	0
-3580	2
-3560	3
-3540	1
-3520	0
-3500	0
-3480	4
-3460	2
-3440	3
-3420	2
-3400	3
-3380	3
-3360	2
-3340	1
-3320	3
-3300	1
-3280	4
-3260	7
-3240	22
-3220	23
-3200	28
-3180	16
-3160	3
-3140	4
-3120	4
-3100	1
-3080	3
-3060	1
-3040	0
-3020	1
-3000	1
-2980	2
-2960	1
-2940	3
-2920	1
-2900	1
-2880	2
-2860	0
-2840	2
-2820	2
-2800	1
-2780	1
-2760	1
-2740	0
-2720	5
-2700	2
-2680	4
-2660	2
-2640	2
-2620	2
-2600	2
-2580	1
-2560	1
-2540	1
-2520	0
-2500	1
-2480	2
-2460	0
-2440	0
-2420	1
-2400	1
-2380	4
-2360	1
-2340	2
-2320	4
-2300	1
-2280	2
-2260	1
-2240	2
-2220	1
-2200	2
-2180	3
-2160	2
-2140	1
-2120	4
-2100	0
-2080	2
-2060	1
-2040	0
-2020	1
-2000	1
-1980	4
-1960	0
-1940	3
-1920	2
-1900	1
-1880	1
-1860	3
-1840	4
-1820	1
-1800	3
-1780	3
-1760	0
-1740	0
-1720	3
-1700	3
-1680	3
-1660	1
-1640	1
-1620	4
-1600	0
-1580	1
-1560	3
-1540	1
-1520	0
-1500	1
-1480	1
-1460	1
-1440	1
-1420	2
-1400	0
-1380	2
-1360	4
-1340	2
-1320	4
-1300	1
-1280	4
-1260	1
-1240	2
-1220	1
-1200	2
-1180	1
-1160	5
-1140	0
-1120	1
-1100	2
-1080	4
-1060	1
-1040	3
-1020	2
-1000	0
-980	4
-960	3
-940	5
-920	6
-900	4
-880	2
-860	5
-840	1
-820	2
-800	4
-780	2
-760	3
-740	1
-720	1
-700	2
-680	1
-660	3
-640	3
-620	3
-600	1
-580	0
-560	1
-540	2
-520	2
-500	0
-480	0
-460	1
-440	2
-420	1
-400	6
-380	1
-360	2
-340	4
-320	4
-300	4
-280	3
-260	6
-240	9
-220	16
-200	23
-180	32
-160	59
-140	121
-120	253
-100	521
-80	1211
-60	2943
-40	6092
-20	11281
0	8855
20	1557
40	159
60	10
80	7
100	8
120	14
140	14
160	27
180	10
200	9
220	4
240	4
260	3
280	5
300	4
320	4
340	1
360	4
380	7
400	2
420	4
440	2
460	1
480	2
500	4
520	4
540	4
560	3
580	3
600	5
620	3
640	5
660	0
680	6
700	6
720	5
740	3
760	7
780	3
800	4
820	11
840	9
860	8
880	6
900	5
920	1
940	5
960	5
980	2
1000	4
1020	0
1040	4
1060	3
1080	3
1100	2
1120	5
1140	2
1160	2
1180	3
1200	3
1220	3
1240	3
1260	3
1280	4
1300	7
1320	2
1340	4
1360	1
1380	8
1400	8
1420	11
1440	5
1460	6
1480	3
1500	1
1520	5
1540	3
1560	2
1580	3
1600	4
1620	5
1640	6
1660	5
1680	7
1700	3
1720	5
1740	3
1760	1
1780	4
1800	5
1820	6
1840	2
1860	4
1880	5
1900	3
1920	2
1940	3
1960	4
1980	1
2000	4
2020	2
2040	4
2060	3
2080	6
2100	4
2120	4
2140	1
2160	3
2180	0
2200	0
2220	1
2240	3
2260	4
2280	4
2300	3
2320	2
2340	4
2360	3
2380	2
2400	5
2420	2
2440	4
2460	3
2480	4
2500	6
2520	5
2540	2
2560	4
2580	2
2600	3
2620	2
2640	2
2660	4
2680	3
2700	4
2720	3
2740	7
2760	3
2780	4
2800	2
2820	1
2840	1
2860	3
2880	5
2900	4
2920	7
2940	4
2960	6
2980	3
3000	4
3020	3
3040	2
3060	1
3080	4
3100	1
3120	4
3140	5
3160	2
3180	5
3200	1
3220	2
3240	6
3260	4
3280	2
3300	4
3320	3
3340	6
3360	3
3380	2
3400	5
3420	4
3440	5
3460	4
3480	3
3500	2
3520	4
3540	4
3560	5
3580	1
3600	2
3620	2
3640	1
3660	2
3680	3
3700	2
3720	5
3740	6
3760	4
3780	3
3800	4
3820	3
3840	4
3860	5
3880	2
3900	8
3920	3
3940	1
3960	2
3980	9
4000	4
4020	4
4040	2
4060	1
4080	6
4100	2
4120	4
4140	4
4160	0
4180	3
4200	4
4220	4
4240	6
4260	5
4280	4
4300	0
4320	7
4340	3
4360	5
4380	2
4400	2
4420	4
4440	5
4460	4
4480	1
4500	5
4520	7
4540	6
4560	2
4580	4
4600	4
4620	2
4640	2
4660	4
4680	2
4700	9
4720	7
4740	6
4760	10
4780	1
4800	5
4820	5
4840	5
4860	4
4880	8
4900	3
4920	6
4940	2
4960	4
4980	8
5000	3
5020	5
5040	4
5060	3
5080	10
5100	2
5120	7
5140	5
5160	6
5180	5
5200	3
5220	6
5240	3
5260	7
5280	5
5300	5
5320	3
5340	3
5360	7
5380	9
5400	4
5420	4
5440	3
5460	7
5480	0
5500	5
5520	3
5540	4
5560	2
5580	7
5600	1
5620	3
5640	6
5660	2
5680	6
5700	4
5720	2
5740	5
5760	8
5780	5
5800	2
5820	3
5840	5
5860	1
5880	2
5900	5
5920	5
5940	5
5960	5
5980	10
6000	4
6020	6
6040	2
6060	2
6080	3
6100	7
6120	1
6140	4
6160	3
6180	0
6200	5
6220	4
6240	2
6260	0
6280	2
6300	5
6320	4
6340	2
6360	5
6380	1
6400	1
6420	4
6440	2
6460	3
6480	5
6500	4
6520	8
6540	4
6560	5
6580	2
6600	3
6620	5
6640	2
6660	2
6680	2
6700	7
6720	5
6740	1
6760	5
6780	3
6800	3
6820	3
6840	4
6860	4
6880	5
6900	2
6920	3
6940	3
6960	1
6980	1
7000	1
7020	6
7040	5
7060	7
7080	2
7100	2
7120	2
7140	4
7160	0
7180	4
7200	1
7220	0
7240	5
7260	7
7280	3
7300	4
7320	7
7340	7
7360	5
7380	5
7400	2
7420	6
7440	4
7460	4
7480	7
7500	2
7520	2
7540	0
7560	4
7580	4
7600	5
7620	5
7640	8
7660	0
7680	6
7700	7
7720	4
7740	4
7760	5
7780	5
7800	5
7820	7
7840	4
7860	3
7880	6
7900	3
7920	2
7940	1
7960	5
7980	5
8000	3
8020	3
8040	5
8060	3
8080	5
8100	0
8120	6
8140	4
8160	3
8180	6
8200	7
8220	1
8240	4
8260	5
8280	3
8300	3
8320	3
8340	6
8360	2
8380	2
8400	7
8420	8
8440	7
8460	5
8480	9
8500	5
8520	4
8540	2
8560	6
8580	8
8600	2
8620	2
8640	3
8660	4
8680	4
8700	2
8720	3
8740	5
8760	1
8780	5
8800	2
8820	0
8840	3
8860	4
8880	5
8900	4
8920	4
8940	0
8960	2
8980	6
9000	6
9020	6
9040	7
9060	7
9080	3
9100	5
9120	3
9140	6
9160	7
9180	9
9200	7
9220	5
9240	22
9260	24
9280	31
9300	25
9320	13
9340	5
9360	5
9380	0
9400	5
9420	5
9440	4
9460	1
9480	4
9500	3
9520	10
9540	5
9560	4
9580	3
9600	12
9620	4
9640	3
9660	4
9680	5
9700	4
9720	5
9740	4
9760	3
9780	6
9800	2
9820	3
9840	6
9860	4
9880	5
9900	6
9920	4
9940	7
9960	5
9980	3
10000	9
10020	5
10040	4
10060	3
10080	4
10100	6
10120	8
10140	4
10160	4
10180	2
10200	3
10220	5
10240	3
10260	6
10280	2
10300	2
10320	6
10340	6
10360	5
10380	3
10400	4
10420	4
10440	3
10460	6
10480	2
10500	3
10520	4
10540	2
10560	4
10580	2
10600	4
10620	3
10640	2
10660	6
10680	5
10700	3
10720	3
10740	5
10760	0
10780	11
10800	7
10820	4
10840	3
10860	2
10880	4
10900	10
10920	5
10940	3
10960	9
10980	2
11000	1
11020	4
11040	4
11060	3
11080	4
11100	5
11120	7
11140	4
11160	2
11180	7
11200	3
11220	0
11240	3
11260	4
11280	5
11300	2
11320	6
11340	3
11360	3
11380	6
11400	6
11420	1
11440	5
11460	5
11480	2
11500	6
11520	8
11540	6
11560	6
11580	4
11600	1
11620	4
11640	1
11660	3
11680	5
11700	4
11720	3
11740	4
11760	3
11780	3
11800	8
11820	9
11840	5
11860	6
11880	4
11900	6
11920	3
11940	5
11960	4
11980	7
12000	6
12020	3
12040	6
12060	9
12080	9
12100	6
12120	2
12140	8
12160	4
12180	10
12200	11
12220	5
12240	12
12260	12
12280	19
12300	24
12320	46
12340	63
12360	130
12380	332
12400	820
12420	1783
12440	3848
12460	6798
12480	7446
12500	3630
12520	906
12540	163
12560	43
12580	17
12600	12
12620	21
12640	15
12660	14
12680	7
12700	7
12720	3
12740	5
12760	5
12780	2
12800	1
12820	4
12840	6
12860	4
12880	2
12900	3
12920	6
12940	2
12960	3
12980	2
13000	1
13020	3
13040	5
13060	5
13080	3
13100	4
13120	2
13140	1
13160	3
13180	4
13200	6
13220	5
13240	4
13260	10
13280	8
13300	14
13320	7
13340	3
13360	8
13380	2
13400	3
13420	2
13440	3
13460	3
13480	5
13500	3
13520	1
13540	3
13560	2
13580	3
13600	5
13620	2
13640	8
13660	7
13680	3
13700	1
13720	2
13740	3
13760	2
13780	2
13800	6
13820	3
13840	7
13860	10
13880	13
13900	12
13920	4
13940	4
13960	2
13980	3
14000	3
14020	3
14040	2
14060	3
14080	3
14100	2
14120	4
14140	2
14160	4
14180	3
14200	4
14220	2
14240	6
14260	4
14280	3
14300	5
14320	3
14340	6
14360	4
14380	0
14400	4
14420	2
14440	1
14460	2
14480	1
14500	1
14520	3
14540	3
14560	2
14580	2
14600	2
14620	2
14640	2
14660	5
14680	2
14700	2
14720	2
14740	6
14760	3
14780	4
14800	3
14820	1
14840	2
14860	3
14880	1
14900	3
14920	4
14940	2
14960	4
14980	4
15000	2
15020	3
15040	5
15060	4
15080	5
15100	3
15120	4
15140	3
15160	5
15180	6
15200	5
15220	4
15240	3
15260	0
15280	2
15300	1
15320	4
15340	5
15360	5
15380	3
15400	1
15420	4
15440	8
15460	7
15480	2
15500	3
15520	1
15540	4
15560	3
15580	2
15600	4
15620	4
15640	1
15660	4
15680	3
15700	2
15720	2
15740	8
15760	5
15780	3
15800	2
15820	1
15840	4
15860	0
15880	2
15900	3
15920	5
15940	4
15960	5
15980	4
16000	3
16020	6
16040	1
16060	1
16080	1
16100	2
16120	2
16140	1
16160	6
16180	2
16200	2
16220	5
16240	4
16260	3
16280	6
16300	3
16320	2
16340	5
16360	5
16380	4
16400	2
16420	3
16440	3
16460	4
16480	8
16500	7
16520	7
16540	3
16560	3
16580	4
16600	1
16620	4
16640	2
16660	2
16680	4
16700	4
16720	4
16740	4
16760	4
16780	2
16800	2
16820	1
16840	8
16860	1
16880	2
16900	4
16920	4
16940	5
16960	1
16980	5
17000	5
17020	1
17040	1
17060	6
17080	3
17100	3
17120	1
17140	4
17160	5
17180	4
17200	3
17220	2
17240	6
17260	5
17280	2
17300	2
17320	4
17340	4
17360	6
17380	2
17400	5
17420	4
17440	4
17460	3
17480	5
17500	1
17520	2
17540	3
17560	7
17580	9
17600	11
17620	4
17640	1
17660	4
17680	4
17700	4
17720	1
17740	7
17760	2
17780	3
17800	3
17820	3
17840	4
17860	0
17880	4
17900	7
17920	3
17940	3
17960	3
17980	3
18000	4
18020	5
18040	3
18060	5
18080	5
18100	1
18120	4
18140	2
18160	3
18180	5
18200	4
18220	3
18240	5
18260	3
18280	3
18300	0
18320	5
18340	3
18360	5
18380	1
18400	3
18420	2
18440	2
18460	4
18480	0
18500	1
18520	4
18540	3
18560	4
18580	2
18600	4
18620	1
18640	2
18660	4
18680	5
18700	4
18720	3
18740	3
18760	1
18780	3
18800	4
18820	5
18840	2
18860	3
18880	2
18900	5
18920	3
18940	4
18960	3
18980	3
19000	2
19020	6
19040	3
19060	5
19080	4
19100	1
19120	3
19140	6
19160	4
19180	3
19200	4
19220	4
19240	4
19260	2
19280	3
19300	2
19320	1
19340	2
19360	5
19380	2
19400	2
19420	5
19440	2
19460	2
19480	5
19500	4
19520	2
19540	3
19560	3
19580	4
19600	4
19620	4
19640	5
19660	2
19680	3
19700	2
19720	3
19740	1
19760	2
19780	3
19800	3
19820	6
19840	3
19860	0
19880	3
19900	1
19920	0
19940	3
19960	2
19980	4
