"Time differences (ps)"	"Counts per bin"
-20000	3
-19980	1
-19960	2
-19940	4
-19920	3
-19900	1
-19880	3
-19860	5
-19840	4
-19820	1
-19800	2
-19780	1
-19760	2
-19740	0
-19720	4
-19700	1
-19680	0
-19660	1
-19640	3
-19620	2
-19600	2
-19580	1
-19560	1
-19540	1
-19520	1
-19500	3
-19480	1
-19460	1
-19440	0
-19420	1
-19400	1
-19380	0
-19360	1
-19340	1
-19320	1
-19300	2
-19280	2
-19260	2
-19240	1
-19220	0
-19200	0
-19180	0
-19160	1
-19140	0
-19120	1
-19100	2
-19080	2
-19060	2
-19040	1
-19020	0
-19000	1
-18980	0
-18960	1
-18940	1
-18920	1
-18900	2
-18880	2
-18860	2
-18840	1
-18820	0
-18800	0
-18780	3
-18760	2
-18740	2
-18720	1
-18700	1
-18680	1
-18660	1
-18640	0
-18620	1
-18600	0
-18580	2
-18560	1
-18540	1
-18520	1
-18500	1
-18480	3
-18460	1
-18440	2
-18420	1
-18400	1
-18380	4
-18360	2
-18340	1
-18320	3
-18300	6
-18280	2
-18260	0
-18240	0
-18220	1
-18200	3
-18180	1
-18160	3
-18140	4
-18120	2
-18100	4
-18080	2
-18060	5
-18040	2
-18020	0
-18000	1
-17980	0
-17960	0
-17940	3
-17920	1
-17900	0
-17880	4
-17860	2
-17840	1
-17820	2
-17800	2
-17780	1
-17760	0
-17740	1
-17720	1
-17700	3
-17680	1
-17660	2
-17640	3
-17620	1
-17600	2
-17580	0
-17560	1
-17540	0
-17520	0
-17500	2
-17480	2
-17460	2
-17440	4
-17420	3
-17400	0
-17380	3
-17360	0
-17340	2
-17320	1
-17300	1
-17280	3
-17260	4
-17240	2
-17220	2
-17200	5
-17180	1
-17160	0
-17140	2
-17120	1
-17100	3
-17080	3
-17060	2
-17040	2
-17020	4
-17000	1
-16980	2
-16960	2
-16940	1
-16920	2
-16900	2
-16880	2
-16860	2
-16840	2
-16820	1
-16800	0
-16780	2
-16760	0
-16740	1
-16720	0
-16700	2
-16680	0
-16660	4
-16640	3
-16620	2
-16600	3
-16580	3
-16560	3
-16540	2
-16520	9
-16500	6
-16480	3
-16460	2
-16440	0
-16420	2
-16400	3
-16380	2
-16360	3
-16340	1
-16320	2
-16300	3
-16280	1
-16260	1
-16240	1
-16220	2
-16200	2
-16180	1
-16160	4
-16140	0
-16120	0
-16100	2
-16080	3
-16060	0
-16040	0
-16020	4
-16000	0
-15980	1
-15960	3
-15940	0
-15920	5
-15900	2
-15880	1
-15860	2
-15840	3
-15820	6
-15800	1
-15780	4
-15760	4
-15740	10
-15720	21
-15700	35
-15680	18
-15660	10
-15640	4
-15620	2
-15600	1
-15580	4
-15560	5
-15540	1
-15520	4
-15500	2
-15480	1
-15460	2
-15440	3
-15420	3
-15400	0
-15380	0
-15360	1
-15340	2
-15320	3
-15300	2
-15280	3
-15260	2
-15240	3
-15220	0
-15200	1
-15180	3
-15160	3
-15140	2
-15120	1
-15100	1
-15080	1
-15060	1
-15040	3
-15020	6
-15000	2
-14980	2
-14960	3
-14940	1
-14920	3
-14900	1
-14880	3
-14860	3
-14840	4
-14820	1
-14800	3
-14780	3
-14760	1
-14740	2
-14720	3
-14700	1
-14680	2
-14660	2
-14640	3
-14620	0
-14600	3
-14580	4
-14560	3
-14540	2
-14520	2
-14500	2
-14480	3
-14460	7
-14440	4
-14420	2
-14400	0
-14380	4
-14360	1
-14340	1
-14320	3
-14300	3
-14280	3
-14260	1
-14240	5
-14220	6
-14200	0
-14180	4
-14160	4
-14140	1
-14120	2
-14100	1
-14080	2
-14060	6
-14040	3
-14020	2
-14000	1
-13980	3
-13960	5
-13940	2
-13920	1
-13900	1
-13880	5
-13860	2
-13840	3
-13820	2
-13800	2
-13780	2
-13760	4
-13740	2
-13720	2
-13700	1
-13680	4
-13660	5
-13640	3
-13620	1
-13600	1
-13580	3
-13560	3
-13540	2
-13520	4
-13500	4
-13480	3
-13460	4
-13440	3
-13420	8
-13400	3
-13380	0
-13360	1
-13340	7
-13320	4
-13300	4
-13280	3
-13260	5
-13240	0
-13220	1
-13200	2
-13180	3
-13160	3
-13140	1
-13120	4
-13100	6
-13080	2
-13060	1
-13040	4
-13020	5
-13000	6
-12980	4
-12960	2
-12940	2
-12920	3
-12900	2
-12880	2
-12860	5
-12840	2
-12820	3
-12800	3
-12780	3
-12760	1
-12740	6
-12720	7
-12700	12
-12680	20
-12660	26
-12640	66
-12620	121
-12600	252
-12580	540
-12560	1273
-12540	2914
-12520	5728
-12500	8255
-12480	5652
-12460	1658
-12440	309
-12420	55
-12400	21
-12380	12
-12360	13
-12340	26
-12320	19
-12300	12
-12280	4
-12260	3
-12240	0
-12220	1
-12200	1
-12180	1
-12160	1
-12140	3
-12120	2
-12100	1
-12080	0
-12060	1
-12040	0
-12020	0
-12000	2
-11980	0
-11960	2
-11940	3
-11920	1
-11900	1
-11880	2
-11860	3
-11840	1
-11820	2
-11800	1
-11780	0
-11760	1
-11740	3
-11720	3
-11700	2
-11680	4
-11660	1
-11640	5
-11620	2
-11600	2
-11580	2
-11560	1
-11540	1
-11520	0
-11500	1
-11480	2
-11460	1
-11440	1
-11420	1
-11400	1
-11380	0
-11360	5
-11340	2
-11320	1
-11300	2
-11280	4
-11260	2
-11240	3
-11220	3
-11200	2
-11180	0
-11160	5
-11140	2
-11120	9
-11100	8
-11080	9
-11060	3
-11040	0
-11020	4
-11000	2
-10980	1
-10960	1
-10940	0
-10920	2
-10900	2
-10880	2
-10860	0
-10840	2
-10820	1
-10800	1
-10780	1
-10760	1
-10740	0
-10720	2
-10700	3
-10680	3
-10660	1
-10640	3
-10620	0
-10600	1
-10580	0
-10560	1
-10540	1
-10520	2
-10500	1
-10480	1
-10460	2
-10440	0
-10420	2
-10400	1
-10380	0
-10360	2
-10340	1
-10320	0
-10300	0
-10280	0
-10260	0
-10240	1
-10220	4
-10200	1
-10180	0
-10160	1
-10140	0
-10120	0
-10100	1
-10080	1
-10060	0
-10040	1
-10020	2
-10000	1
-9980	2
-9960	3
-9940	3
-9920	1
-9900	1
-9880	0
-9860	1
-9840	0
-9820	4
-9800	3
-9780	1
-9760	1
-9740	4
-9720	2
-9700	2
-9680	1
-9660	1
-9640	0
-9620	2
-9600	2
-9580	2
-9560	2
-9540	0
-9520	0
-9500	2
-9480	3
-9460	0
-9440	2
-9420	2
-9400	1
-9380	2
-9360	0
-9340	2
-9320	0
-9300	2
-9280	2
-9260	1
-9240	1
-9220	0
-9200	3
-9180	1
-9160	0
-9140	3
-9120	5
-9100	1
-9080	3
-9060	0
-9040	3
-9020	2
-9000	2
-8980	0
-8960	1
-8940	1
-8920	0
-8900	1
-8880	0
-8860	1
-8840	2
-8820	2
-8800	1
-8780	1
-8760	0
-8740	1
-8720	1
-8700	3
-8680	0
-8660	1
-8640	0
-8620	2
-8600	0
-8580	0
-8560	3
-8540	2
-8520	5
-8500	7
-8480	9
-8460	7
-8440	1
-8420	2
-8400	1
-8380	1
-8360	0
-8340	0
-8320	0
-8300	3
-8280	2
-8260	1
-8240	2
-8220	2
-8200	2
-8180	1
-8160	1
-8140	1
-8120	0
-8100	4
-8080	0
-8060	1
-8040	2
-8020	0
-8000	0
-7980	1
-7960	2
-7940	1
-7920	0
-7900	1
-7880	1
-7860	1
-7840	1
-7820	0
-7800	1
-7780	4
-7760	3
-7740	4
-7720	1
-7700	1
-7680	2
-7660	4
-7640	0
-7620	0
-7600	0
-7580	0
-7560	1
-7540	4
-7520	0
-7500	1
-7480	0
-7460	0
-7440	4
-7420	1
-7400	6
-7380	5
-7360	0
-7340	0
-7320	0
-7300	4
-7280	1
-7260	0
-7240	2
-7220	0
-7200	0
-7180	0
-7160	3
-7140	0
-7120	1
-7100	2
-7080	1
-7060	1
-7040	2
-7020	2
-7000	0
-6980	0
-6960	0
-6940	0
-6920	0
-6900	2
-6880	2
-6860	2
-6840	3
-6820	2
-6800	3
-6780	3
-6760	0
-6740	2
-6720	1
-6700	0
-6680	3
-6660	1
-6640	1
-6620	1
-6600	3
-6580	1
-6560	2
-6540	0
-6520	2
-6500	1
-6480	2
-6460	0
-6440	2
-6420	1
-6400	3
-6380	2
-6360	3
-6340	2
-6320	1
-6300	0
-6280	3
-6260	0
-6240	1
-6220	1
-6200	1
-6180	1
-6160	1
-6140	2
-6120	0
-6100	0
-6080	2
-6060	1
-6040	1
-6020	1
-6000	1
-5980	0
-5960	1
-5940	2
-5920	0
-5900	2
-5880	0
-5860	1
-5840	0
-5820	1
-5800	1
-5780	0
-5760	1
-5740	3
-5720	0
-5700	3
-5680	2
-5660	2
-5640	1
-5620	3
-5600	1
-5580	0
-5560	3
-5540	2
-5520	3
-5500	1
-5480	3
-5460	0
-5440	0
-5420	3
-5400	0
-5380	1
-5360	0
-5340	1
-5320	0
-5300	0
-5280	1
-5260	2
-5240	0
-5220	0
-5200	2
-5180	1
-5160	0
-5140	4
-5120	2
-5100	0
-5080	3
-5060	3
-5040	1
-5020	0
-5000	2
-4980	0
-4960	0
-4940	3
-4920	1
-4900	0
-4880	2
-4860	3
-4840	0
-4820	1
-4800	0
-4780	2
-4760	0
-4740	0
-4720	2
-4700	1
-4680	2
-4660	1
-4640	0
-4620	2
-4600	2
-4580	1
-4560	2
-4540	1
-4520	1
-4500	4
-4480	0
-4460	0
-4440	2
-4420	0
-4400	0
-4380	1
-4360	1
-4340	1
-4320	1
-4300	0
-4280	4
-4260	3
-4240	0
-4220	4
-4200	3
-4180	0
-4160	2
-4140	1
-4120	1
-4100	3
-4080	4
-4060	3
-4040	5
-4020	4
-4000	3
-3980	0
-3960	2
-3940	1
-3920	0
-3900	0
-3880	0
-3860	3
-3840	1
-3820	2
-3800	2
-3780	2
-3760	1
-3740	4
-3720	2
-3700	3
-3680	0
-3660	3
-3640	3
-3620	0
-3600	0
-3580	0
-3560	2
-3540	0
-3520	1
-3500	0
-3480	3
-3460	3
-3440	1
-3420	1
-3400	4
-3380	4
-3360	0
-3340	1
-3320	1
-3300	5
-3280	6
-3260	6
-3240	18
-3220	40
-3200	22
-3180	15
-3160	8
-3140	0
-3120	1
-3100	2
-3080	3
-3060	0
-3040	1
-3020	1
-3000	1
-2980	4
-2960	0
-2940	1
-2920	4
-2900	0
-2880	2
-2860	0
-2840	0
-2820	0
-2800	4
-2780	4
-2760	2
-2740	3
-2720	1
-2700	4
-2680	3
-2660	1
-2640	2
-2620	1
-2600	1
-2580	2
-2560	2
-2540	2
-2520	3
-2500	0
-2480	3
-2460	3
-2440	0
-2420	1
-2400	1
-2380	1
-2360	1
-2340	3
-2320	0
-2300	3
-2280	1
-2260	1
-2240	5
-2220	1
-2200	3
-2180	0
-2160	1
-2140	0
-2120	2
-2100	1
-2080	2
-2060	0
-2040	1
-2020	1
-2000	2
-1980	3
-1960	4
-1940	2
-1920	4
-1900	3
-1880	3
-1860	3
-1840	1
-1820	1
-1800	1
-1780	4
-1760	2
-1740	1
-1720	3
-1700	3
-1680	2
-1660	2
-1640	2
-1620	1
-1600	0
-1580	2
-1560	1
-1540	2
-1520	4
-1500	2
-1480	5
-1460	3
-1440	2
-1420	0
-1400	1
-1380	2
-1360	1
-1340	1
-1320	0
-1300	7
-1280	2
-1260	1
-1240	1
-1220	1
-1200	4
-1180	2
-1160	2
-1140	1
-1120	2
-1100	1
-1080	2
-1060	1
-1040	2
-1020	3
-1000	2
-980	2
-960	3
-940	1
-920	1
-900	3
-880	4
-860	1
-840	3
-820	1
-800	1
-780	1
-760	1
-740	2
-720	3
-700	1
-680	4
-660	1
-640	3
-620	2
-600	3
-580	1
-560	2
-540	2
-520	4
-500	1
-480	1
-460	2
-440	0
-420	1
-400	3
-380	1
-360	2
-340	5
-320	4
-300	2
-280	6
-260	7
-240	11
-220	9
-200	17
-180	41
-160	66
-140	141
-120	319
-100	701
-80	1477
-60	3177
-40	6121
-20	9642
0	6816
20	1102
40	124
60	23
80	9
100	13
120	8
140	14
160	26
180	10
200	5
220	2
240	2
260	4
280	3
300	5
320	3
340	5
360	6
380	4
400	3
420	4
440	3
460	3
480	4
500	4
520	5
540	2
560	2
580	5
600	4
620	4
640	5
660	2
680	4
700	2
720	5
740	5
760	8
780	4
800	4
820	8
840	13
860	15
880	5
900	2
920	5
940	8
960	4
980	2
1000	2
1020	4
1040	4
1060	1
1080	3
1100	2
1120	2
1140	8
1160	2
1180	3
1200	4
1220	3
1240	2
1260	3
1280	3
1300	1
1320	6
1340	7
1360	14
1380	14
1400	8
1420	8
1440	6
1460	4
1480	2
1500	7
1520	1
1540	3
1560	3
1580	3
1600	5
1620	6
1640	3
1660	3
1680	3
1700	3
1720	5
1740	3
1760	5
1780	2
1800	7
1820	2
1840	4
1860	3
1880	6
1900	2
1920	5
1940	1
1960	4
1980	3
2000	3
2020	6
2040	3
2060	4
2080	4
2100	1
2120	5
2140	2
2160	2
2180	1
2200	2
2220	8
2240	7
2260	3
2280	3
2300	6
2320	5
2340	3
2360	4
2380	4
2400	1
2420	2
2440	5
2460	3
2480	3
2500	1
2520	3
2540	6
2560	3
2580	2
2600	6
2620	2
2640	4
2660	2
2680	6
2700	4
2720	3
2740	1
2760	6
2780	3
2800	3
2820	4
2840	5
2860	1
2880	6
2900	4
2920	3
2940	3
2960	4
2980	4
3000	3
3020	0
3040	5
3060	4
3080	8
3100	5
3120	5
3140	4
3160	4
3180	4
3200	4
3220	3
3240	5
3260	3
3280	2
3300	3
3320	5
3340	9
3360	4
3380	5
3400	2
3420	3
3440	2
3460	0
3480	4
3500	5
3520	1
3540	2
3560	2
3580	3
3600	1
3620	6
3640	5
3660	2
3680	2
3700	2
3720	3
3740	4
3760	4
3780	3
3800	5
3820	3
3840	4
3860	2
3880	2
3900	7
3920	4
3940	2
3960	6
3980	7
4000	8
4020	7
4040	3
4060	4
4080	6
4100	4
4120	3
4140	3
4160	2
4180	5
4200	5
4220	2
4240	2
4260	5
4280	3
4300	6
4320	4
4340	2
4360	3
4380	4
4400	3
4420	4
4440	3
4460	6
4480	4
4500	4
4520	5
4540	1
4560	2
4580	4
4600	1
4620	6
4640	2
4660	6
4680	3
4700	11
4720	5
4740	1
4760	5
4780	7
4800	3
4820	6
4840	5
4860	5
4880	9
4900	4
4920	2
4940	4
4960	4
4980	2
5000	4
5020	4
5040	4
5060	4
5080	7
5100	4
5120	4
5140	5
5160	3
5180	1
5200	9
5220	5
5240	3
5260	4
5280	5
5300	2
5320	7
5340	2
5360	4
5380	8
5400	4
5420	1
5440	2
5460	2
5480	6
5500	1
5520	4
5540	5
5560	2
5580	5
5600	6
5620	3
5640	6
5660	5
5680	6
5700	5
5720	2
5740	2
5760	4
5780	2
5800	2
5820	4
5840	4
5860	4
5880	5
5900	2
5920	4
5940	4
5960	2
5980	0
6000	3
6020	7
6040	2
6060	5
6080	5
6100	5
6120	3
6140	3
6160	4
6180	6
6200	8
6220	4
6240	5
6260	2
6280	1
6300	2
6320	3
6340	4
6360	3
6380	2
6400	4
6420	3
6440	4
6460	5
6480	2
6500	6
6520	6
6540	2
6560	3
6580	4
6600	0
6620	1
6640	3
6660	4
6680	7
6700	4
6720	5
6740	5
6760	6
6780	1
6800	4
6820	3
6840	4
6860	3
6880	8
6900	4
6920	4
6940	3
6960	2
6980	8
7000	4
7020	3
7040	2
7060	5
7080	4
7100	3
7120	6
7140	3
7160	3
7180	3
7200	4
7220	2
7240	2
7260	3
7280	5
7300	0
7320	0
7340	3
7360	3
7380	1
7400	8
7420	8
7440	3
7460	6
7480	3
7500	1
7520	5
7540	4
7560	1
7580	5
7600	1
7620	5
7640	6
7660	2
7680	2
7700	2
7720	8
7740	1
7760	4
7780	1
7800	4
7820	1
7840	3
7860	8
7880	4
7900	2
7920	5
7940	4
7960	3
7980	5
8000	2
8020	2
8040	5
8060	4
8080	6
8100	7
8120	3
8140	4
8160	2
8180	0
8200	0
8220	3
8240	5
8260	8
8280	2
8300	3
8320	6
8340	5
8360	2
8380	1
8400	3
8420	7
8440	8
8460	7
8480	10
8500	2
8520	4
8540	6
8560	8
8580	6
8600	11
8620	2
8640	10
8660	2
8680	3
8700	2
8720	3
8740	5
8760	5
8780	3
8800	6
8820	4
8840	7
8860	2
8880	4
8900	5
8920	4
8940	5
8960	3
8980	0
9000	2
9020	3
9040	3
9060	5
9080	4
9100	6
9120	9
9140	7
9160	6
9180	4
9200	7
9220	11
9240	29
9260	26
9280	34
9300	18
9320	7
9340	6
9360	9
9380	8
9400	6
9420	4
9440	3
9460	4
9480	6
9500	3
9520	5
9540	5
9560	7
9580	5
9600	4
9620	6
9640	5
9660	7
9680	2
9700	4
9720	4
9740	4
9760	5
9780	5
9800	4
9820	8
9840	4
9860	4
9880	3
9900	3
9920	11
9940	3
9960	5
9980	7
10000	6
10020	5
10040	3
10060	6
10080	4
10100	7
10120	3
10140	1
10160	2
10180	7
10200	6
10220	10
10240	5
10260	3
10280	4
10300	5
10320	8
10340	5
10360	6
10380	4
10400	7
10420	2
10440	8
10460	6
10480	4
10500	5
10520	4
10540	8
10560	2
10580	9
10600	8
10620	8
10640	3
10660	4
10680	3
10700	2
10720	7
10740	6
10760	3
10780	4
10800	5
10820	3
10840	6
10860	4
10880	4
10900	5
10920	6
10940	7
10960	3
10980	3
11000	5
11020	2
11040	5
11060	4
11080	7
11100	3
11120	3
11140	4
11160	5
11180	5
11200	8
11220	3
11240	3
11260	2
11280	5
11300	3
11320	5
11340	6
11360	3
11380	2
11400	6
11420	3
11440	4
11460	9
11480	8
11500	8
11520	6
11540	5
11560	2
11580	6
11600	2
11620	8
11640	5
11660	2
11680	8
11700	3
11720	7
11740	5
11760	5
11780	4
11800	6
11820	1
11840	4
11860	2
11880	5
11900	4
11920	9
11940	3
11960	8
11980	6
12000	6
12020	6
12040	5
12060	3
12080	6
12100	1
12120	10
12140	8
12160	7
12180	6
12200	7
12220	9
12240	14
12260	7
12280	19
12300	25
12320	37
12340	66
12360	166
12380	331
12400	825
12420	1877
12440	3999
12460	7331
12480	7771
12500	3627
12520	845
12540	175
12560	47
12580	20
12600	13
12620	22
12640	14
12660	18
12680	8
12700	5
12720	4
12740	2
12760	4
12780	3
12800	5
12820	4
12840	6
12860	1
12880	5
12900	2
12920	2
12940	4
12960	3
12980	4
13000	7
13020	5
13040	5
13060	3
13080	2
13100	5
13120	6
13140	0
13160	4
13180	2
13200	5
13220	4
13240	4
13260	8
13280	6
13300	7
13320	12
13340	11
13360	6
13380	6
13400	6
13420	3
13440	4
13460	2
13480	2
13500	6
13520	3
13540	2
13560	1
13580	6
13600	5
13620	3
13640	1
13660	3
13680	4
13700	4
13720	3
13740	6
13760	2
13780	5
13800	2
13820	3
13840	6
13860	7
13880	10
13900	15
13920	4
13940	3
13960	5
13980	5
14000	2
14020	0
14040	3
14060	4
14080	3
14100	2
14120	2
14140	5
14160	4
14180	8
14200	5
14220	5
14240	2
14260	2
14280	6
14300	4
14320	3
14340	1
14360	4
14380	5
14400	3
14420	4
14440	2
14460	3
14480	1
14500	4
14520	0
14540	2
14560	1
14580	4
14600	2
14620	4
14640	4
14660	1
14680	5
14700	3
14720	2
14740	2
14760	5
14780	2
14800	2
14820	3
14840	5
14860	4
14880	5
14900	2
14920	6
14940	1
14960	1
14980	5
15000	1
15020	5
15040	8
15060	2
15080	5
15100	0
15120	4
15140	4
15160	4
15180	3
15200	1
15220	4
15240	1
15260	3
15280	5
15300	7
15320	3
15340	2
15360	2
15380	4
15400	3
15420	3
15440	5
15460	1
15480	3
15500	2
15520	4
15540	2
15560	5
15580	7
15600	2
15620	1
15640	1
15660	7
15680	8
15700	2
15720	0
15740	0
15760	5
15780	2
15800	2
15820	4
15840	9
15860	4
15880	2
15900	1
15920	5
15940	5
15960	4
15980	4
16000	3
16020	3
16040	4
16060	3
16080	3
16100	4
16120	4
16140	4
16160	2
16180	5
16200	4
16220	2
16240	5
16260	4
16280	3
16300	4
16320	2
16340	4
16360	2
16380	3
16400	2
16420	3
16440	2
16460	2
16480	9
16500	6
16520	3
16540	2
16560	7
16580	6
16600	7
16620	4
16640	3
16660	3
16680	4
16700	4
16720	8
16740	2
16760	3
16780	3
16800	4
16820	3
16840	4
16860	6
16880	5
16900	2
16920	0
16940	3
16960	2
16980	1
17000	2
17020	3
17040	5
17060	4
17080	2
17100	3
17120	3
17140	4
17160	1
17180	6
17200	4
17220	4
17240	5
17260	2
17280	3
17300	6
17320	5
17340	3
17360	3
17380	5
17400	7
17420	3
17440	3
17460	4
17480	2
17500	2
17520	6
17540	2
17560	2
17580	7
17600	5
17620	8
17640	4
17660	4
17680	4
17700	1
17720	4
17740	3
17760	4
17780	4
17800	2
17820	2
17840	3
17860	4
17880	4
17900	1
17920	2
17940	1
17960	5
17980	3
18000	1
18020	2
18040	2
18060	4
18080	3
18100	2
18120	0
18140	1
18160	5
18180	0
18200	8
18220	1
18240	1
18260	1
18280	6
18300	4
18320	2
18340	6
18360	3
18380	2
18400	3
18420	4
18440	9
18460	7
18480	6
18500	8
18520	2
18540	1
18560	3
18580	2
18600	5
18620	5
18640	3
18660	1
18680	5
18700	2
18720	5
18740	6
18760	5
18780	3
18800	4
18820	7
18840	7
18860	5
18880	3
18900	2
18920	3
18940	3
18960	2
18980	3
19000	4
19020	6
19040	1
19060	4
19080	5
19100	2
19120	4
19140	4
19160	6
19180	4
19200	6
19220	3
19240	6
19260	4
19280	2
19300	2
19320	1
19340	0
19360	2
19380	4
19400	5
19420	4
19440	4
19460	9
19480	4
19500	1
19520	1
19540	1
19560	3
19580	6
19600	4
19620	6
19640	4
19660	10
19680	5
19700	6
19720	5
19740	3
19760	3
19780	0
19800	5
19820	4
19840	1
19860	4
19880	6
19900	5
19920	1
19940	2
19960	7
19980	5
