"Time differences (ps)"	"Counts per bin"
-20000	0
-19980	0
-19960	0
-19940	3
-19920	1
-19900	2
-19880	0
-19860	1
-19840	2
-19820	2
-19800	2
-19780	2
-19760	2
-19740	3
-19720	3
-19700	1
-19680	0
-19660	0
-19640	2
-19620	0
-19600	1
-19580	1
-19560	3
-19540	4
-19520	1
-19500	3
-19480	0
-19460	1
-19440	2
-19420	2
-19400	0
-19380	0
-19360	1
-19340	0
-19320	1
-19300	1
-19280	1
-19260	2
-19240	1
-19220	3
-19200	1
-19180	2
-19160	0
-19140	3
-19120	2
-19100	1
-19080	0
-19060	2
-19040	1
-19020	4
-19000	1
-18980	2
-18960	0
-18940	0
-18920	5
-18900	2
-18880	0
-18860	0
-18840	1
-18820	2
-18800	4
-18780	3
-18760	2
-18740	2
-18720	1
-18700	2
-18680	4
-18660	1
-18640	1
-18620	3
-18600	0
-18580	1
-18560	2
-18540	1
-18520	2
-18500	2
-18480	1
-18460	1
-18440	0
-18420	1
-18400	1
-18380	2
-18360	2
-18340	0
-18320	1
-18300	2
-18280	0
-18260	0
-18240	0
-18220	1
-18200	1
-18180	2
-18160	0
-18140	1
-18120	1
-18100	2
-18080	1
-18060	2
-18040	3
-18020	2
-18000	0
-17980	1
-17960	3
-17940	2
-17920	0
-17900	2
-17880	2
-17860	1
-17840	2
-17820	2
-17800	1
-17780	2
-17760	1
-17740	2
-17720	0
-17700	0
-17680	0
-17660	2
-17640	2
-17620	1
-17600	0
-17580	0
-17560	1
-17540	0
-17520	1
-17500	2
-17480	0
-17460	1
-17440	0
-17420	2
-17400	1
-17380	3
-17360	2
-17340	3
-17320	2
-17300	4
-17280	3
-17260	1
-17240	1
-17220	3
-17200	3
-17180	3
-17160	4
-17140	3
-17120	3
-17100	1
-17080	0
-17060	0
-17040	1
-17020	4
-17000	3
-16980	2
-16960	2
-16940	0
-16920	1
-16900	1
-16880	1
-16860	2
-16840	0
-16820	3
-16800	2
-16780	2
-16760	4
-16740	1
-16720	2
-16700	1
-16680	1
-16660	2
-16640	2
-16620	2
-16600	2
-16580	5
-16560	3
-16540	3
-16520	8
-16500	3
-16480	2
-16460	0
-16440	5
-16420	3
-16400	2
-16380	2
-16360	3
-16340	3
-16320	1
-16300	3
-16280	1
-16260	0
-16240	2
-16220	2
-16200	1
-16180	0
-16160	1
-16140	0
-16120	0
-16100	1
-16080	3
-16060	1
-16040	1
-16020	1
-16000	2
-15980	1
-15960	4
-15940	0
-15920	2
-15900	2
-15880	3
-15860	3
-15840	2
-15820	1
-15800	1
-15780	3
-15760	4
-15740	7
-15720	15
-15700	24
-15680	28
-15660	11
-15640	4
-15620	3
-15600	1
-15580	2
-15560	1
-15540	3
-15520	1
-15500	4
-15480	0
-15460	1
-15440	1
-15420	1
-15400	1
-15380	3
-15360	0
-15340	2
-15320	2
-15300	1
-15280	4
-15260	2
-15240	3
-15220	1
-15200	7
-15180	0
-15160	2
-15140	2
-15120	1
-15100	1
-15080	0
-15060	4
-15040	2
-15020	2
-15000	1
-14980	1
-14960	3
-14940	2
-14920	2
-14900	2
-14880	2
-14860	2
-14840	3
-14820	3
-14800	2
-14780	1
-14760	2
-14740	1
-14720	2
-14700	2
-14680	4
-14660	0
-14640	1
-14620	3
-14600	0
-14580	5
-14560	1
-14540	3
-14520	4
-14500	3
-14480	2
-14460	1
-14440	2
-14420	4
-14400	2
-14380	6
-14360	3
-14340	1
-14320	2
-14300	3
-14280	4
-14260	3
-14240	7
-14220	1
-14200	2
-14180	0
-14160	2
-14140	1
-14120	2
-14100	3
-14080	1
-14060	2
-14040	6
-14020	0
-14000	5
-13980	2
-13960	5
-13940	3
-13920	2
-13900	6
-13880	3
-13860	4
-13840	4
-13820	7
-13800	2
-13780	2
-13760	5
-13740	2
-13720	0
-13700	1
-13680	1
-13660	1
-13640	2
-13620	1
-13600	1
-13580	1
-13560	0
-13540	0
-13520	1
-13500	2
-13480	0
-13460	4
-13440	8
-13420	7
-13400	2
-13380	3
-13360	1
-13340	3
-13320	2
-13300	5
-13280	2
-13260	1
-13240	2
-13220	5
-13200	2
-13180	4
-13160	2
-13140	6
-13120	2
-13100	1
-13080	3
-13060	0
-13040	6
-13020	2
-13000	1
-12980	1
-12960	2
-12940	4
-12920	2
-12900	1
-12880	3
-12860	1
-12840	2
-12820	3
-12800	2
-12780	3
-12760	2
-12740	4
-12720	3
-12700	6
-12680	18
-12660	15
-12640	27
-12620	70
-12600	135
-12580	365
-12560	852
-12540	2097
-12520	4603
-12500	7403
-12480	5571
-12460	1648
-12440	345
-12420	82
-12400	17
-12380	10
-12360	12
-12340	20
-12320	25
-12300	24
-12280	5
-12260	3
-12240	0
-12220	2
-12200	3
-12180	0
-12160	1
-12140	1
-12120	0
-12100	4
-12080	0
-12060	2
-12040	2
-12020	1
-12000	2
-11980	0
-11960	2
-11940	1
-11920	1
-11900	0
-11880	0
-11860	2
-11840	0
-11820	1
-11800	1
-11780	1
-11760	0
-11740	2
-11720	4
-11700	9
-11680	7
-11660	12
-11640	7
-11620	5
-11600	1
-11580	3
-11560	4
-11540	2
-11520	2
-11500	2
-11480	1
-11460	2
-11440	4
-11420	1
-11400	1
-11380	2
-11360	1
-11340	0
-11320	0
-11300	1
-11280	2
-11260	1
-11240	1
-11220	0
-11200	1
-11180	4
-11160	5
-11140	1
-11120	3
-11100	5
-11080	8
-11060	4
-11040	1
-11020	0
-11000	0
-10980	0
-10960	0
-10940	2
-10920	1
-10900	0
-10880	0
-10860	0
-10840	1
-10820	1
-10800	1
-10780	1
-10760	1
-10740	0
-10720	1
-10700	1
-10680	0
-10660	0
-10640	2
-10620	1
-10600	0
-10580	1
-10560	1
-10540	3
-10520	0
-10500	0
-10480	2
-10460	1
-10440	4
-10420	0
-10400	1
-10380	0
-10360	0
-10340	0
-10320	3
-10300	1
-10280	1
-10260	1
-10240	1
-10220	0
-10200	1
-10180	2
-10160	0
-10140	0
-10120	5
-10100	0
-10080	2
-10060	1
-10040	2
-10020	3
-10000	1
-9980	1
-9960	1
-9940	2
-9920	2
-9900	0
-9880	1
-9860	1
-9840	0
-9820	0
-9800	1
-9780	0
-9760	3
-9740	3
-9720	1
-9700	2
-9680	1
-9660	1
-9640	3
-9620	1
-9600	0
-9580	1
-9560	0
-9540	1
-9520	0
-9500	1
-9480	5
-9460	0
-9440	2
-9420	1
-9400	1
-9380	0
-9360	4
-9340	2
-9320	2
-9300	1
-9280	1
-9260	0
-9240	2
-9220	0
-9200	1
-9180	2
-9160	4
-9140	1
-9120	1
-9100	1
-9080	0
-9060	2
-9040	2
-9020	2
-9000	3
-8980	1
-8960	4
-8940	1
-8920	1
-8900	1
-8880	3
-8860	1
-8840	2
-8820	0
-8800	2
-8780	0
-8760	0
-8740	4
-8720	3
-8700	1
-8680	3
-8660	0
-8640	1
-8620	1
-8600	2
-8580	0
-8560	3
-8540	0
-8520	2
-8500	3
-8480	3
-8460	1
-8440	1
-8420	1
-8400	0
-8380	1
-8360	1
-8340	1
-8320	1
-8300	1
-8280	1
-8260	4
-8240	1
-8220	1
-8200	0
-8180	1
-8160	1
-8140	1
-8120	2
-8100	2
-8080	2
-8060	2
-8040	1
-8020	2
-8000	2
-7980	0
-7960	1
-7940	5
-7920	0
-7900	1
-7880	0
-7860	1
-7840	0
-7820	2
-7800	3
-7780	3
-7760	3
-7740	3
-7720	2
-7700	4
-7680	1
-7660	1
-7640	4
-7620	5
-7600	7
-7580	0
-7560	2
-7540	1
-7520	1
-7500	5
-7480	1
-7460	2
-7440	2
-7420	2
-7400	0
-7380	2
-7360	1
-7340	0
-7320	2
-7300	0
-7280	4
-7260	0
-7240	3
-7220	2
-7200	1
-7180	2
-7160	1
-7140	1
-7120	2
-7100	0
-7080	1
-7060	1
-7040	0
-7020	4
-7000	2
-6980	2
-6960	1
-6940	1
-6920	2
-6900	1
-6880	1
-6860	1
-6840	3
-6820	0
-6800	3
-6780	0
-6760	1
-6740	3
-6720	4
-6700	0
-6680	0
-6660	3
-6640	4
-6620	2
-6600	3
-6580	2
-6560	1
-6540	1
-6520	2
-6500	3
-6480	0
-6460	2
-6440	4
-6420	0
-6400	1
-6380	1
-6360	0
-6340	2
-6320	2
-6300	3
-6280	1
-6260	1
-6240	0
-6220	0
-6200	0
-6180	1
-6160	2
-6140	0
-6120	2
-6100	3
-6080	1
-6060	2
-6040	2
-6020	2
-6000	2
-5980	1
-5960	1
-5940	1
-5920	3
-5900	2
-5880	1
-5860	0
-5840	1
-5820	0
-5800	2
-5780	1
-5760	1
-5740	2
-5720	2
-5700	2
-5680	2
-5660	0
-5640	0
-5620	0
-5600	1
-5580	0
-5560	4
-5540	2
-5520	1
-5500	0
-5480	1
-5460	3
-5440	2
-5420	0
-5400	0
-5380	1
-5360	0
-5340	1
-5320	5
-5300	0
-5280	0
-5260	2
-5240	3
-5220	2
-5200	1
-5180	1
-5160	0
-5140	1
-5120	3
-5100	0
-5080	3
-5060	1
-5040	0
-5020	2
-5000	4
-4980	0
-4960	2
-4940	0
-4920	2
-4900	3
-4880	4
-4860	0
-4840	0
-4820	5
-4800	2
-4780	0
-4760	1
-4740	1
-4720	1
-4700	0
-4680	0
-4660	0
-4640	0
-4620	0
-4600	2
-4580	2
-4560	0
-4540	1
-4520	0
-4500	2
-4480	3
-4460	4
-4440	1
-4420	1
-4400	1
-4380	4
-4360	2
-4340	1
-4320	0
-4300	1
-4280	4
-4260	2
-4240	1
-4220	2
-4200	1
-4180	2
-4160	3
-4140	0
-4120	0
-4100	2
-4080	0
-4060	1
-4040	3
-4020	6
-4000	3
-3980	1
-3960	2
-3940	0
-3920	1
-3900	1
-3880	0
-3860	0
-3840	1
-3820	0
-3800	1
-3780	3
-3760	1
-3740	3
-3720	1
-3700	1
-3680	0
-3660	2
-3640	1
-3620	0
-3600	0
-3580	2
-3560	0
-3540	1
-3520	1
-3500	2
-3480	2
-3460	3
-3440	2
-3420	4
-3400	1
-3380	3
-3360	3
-3340	1
-3320	2
-3300	6
-3280	2
-3260	8
-3240	13
-3220	29
-3200	41
-3180	12
-3160	4
-3140	4
-3120	2
-3100	3
-3080	1
-3060	1
-3040	0
-3020	2
-3000	1
-2980	0
-2960	0
-2940	1
-2920	0
-2900	0
-2880	1
-2860	2
-2840	1
-2820	0
-2800	1
-2780	2
-2760	1
-2740	2
-2720	3
-2700	0
-2680	1
-2660	4
-2640	1
-2620	2
-2600	0
-2580	3
-2560	0
-2540	2
-2520	2
-2500	3
-2480	1
-2460	0
-2440	0
-2420	0
-2400	2
-2380	1
-2360	1
-2340	3
-2320	2
-2300	1
-2280	2
-2260	1
-2240	1
-2220	1
-2200	1
-2180	1
-2160	2
-2140	0
-2120	2
-2100	1
-2080	3
-2060	1
-2040	2
-2020	0
-2000	4
-1980	1
-1960	0
-1940	1
-1920	0
-1900	1
-1880	3
-1860	0
-1840	2
-1820	2
-1800	1
-1780	2
-1760	2
-1740	0
-1720	0
-1700	2
-1680	0
-1660	1
-1640	0
-1620	0
-1600	2
-1580	1
-1560	0
-1540	1
-1520	2
-1500	2
-1480	0
-1460	1
-1440	2
-1420	2
-1400	2
-1380	4
-1360	2
-1340	0
-1320	1
-1300	1
-1280	2
-1260	1
-1240	3
-1220	1
-1200	1
-1180	3
-1160	2
-1140	1
-1120	5
-1100	3
-1080	2
-1060	3
-1040	1
-1020	1
-1000	3
-980	0
-960	3
-940	2
-920	3
-900	3
-880	4
-860	1
-840	2
-820	2
-800	2
-780	5
-760	3
-740	5
-720	5
-700	2
-680	3
-660	0
-640	2
-620	0
-600	1
-580	0
-560	1
-540	3
-520	3
-500	3
-480	2
-460	6
-440	0
-420	1
-400	2
-380	1
-360	1
-340	0
-320	4
-300	1
-280	3
-260	4
-240	3
-220	6
-200	7
-180	16
-160	41
-140	68
-120	161
-100	494
-80	1374
-60	3862
-40	9947
-20	20945
0	17133
20	2962
40	272
60	30
80	12
100	10
120	10
140	26
160	36
180	21
200	9
220	6
240	4
260	5
280	4
300	3
320	2
340	3
360	4
380	6
400	1
420	0
440	3
460	2
480	4
500	4
520	1
540	1
560	4
580	9
600	1
620	1
640	4
660	2
680	2
700	3
720	2
740	5
760	1
780	1
800	10
820	4
840	9
860	10
880	7
900	4
920	5
940	3
960	1
980	5
1000	3
1020	1
1040	3
1060	1
1080	7
1100	3
1120	6
1140	4
1160	1
1180	4
1200	7
1220	2
1240	3
1260	2
1280	4
1300	1
1320	4
1340	7
1360	4
1380	9
1400	11
1420	4
1440	2
1460	0
1480	1
1500	2
1520	9
1540	5
1560	3
1580	3
1600	3
1620	5
1640	1
1660	0
1680	2
1700	5
1720	1
1740	2
1760	1
1780	6
1800	2
1820	4
1840	1
1860	5
1880	5
1900	5
1920	6
1940	1
1960	3
1980	3
2000	1
2020	5
2040	1
2060	2
2080	2
2100	4
2120	3
2140	3
2160	3
2180	2
2200	4
2220	2
2240	6
2260	2
2280	4
2300	3
2320	3
2340	2
2360	2
2380	2
2400	4
2420	3
2440	1
2460	2
2480	5
2500	5
2520	2
2540	2
2560	3
2580	2
2600	0
2620	4
2640	4
2660	3
2680	5
2700	3
2720	4
2740	4
2760	1
2780	2
2800	3
2820	5
2840	4
2860	3
2880	5
2900	7
2920	3
2940	6
2960	2
2980	4
3000	3
3020	5
3040	3
3060	1
3080	3
3100	2
3120	5
3140	3
3160	1
3180	2
3200	1
3220	5
3240	3
3260	5
3280	6
3300	3
3320	3
3340	3
3360	8
3380	2
3400	1
3420	5
3440	6
3460	3
3480	2
3500	1
3520	3
3540	3
3560	1
3580	3
3600	2
3620	3
3640	1
3660	7
3680	4
3700	4
3720	5
3740	3
3760	2
3780	5
3800	5
3820	3
3840	1
3860	3
3880	6
3900	3
3920	4
3940	2
3960	8
3980	3
4000	5
4020	4
4040	4
4060	5
4080	3
4100	3
4120	5
4140	5
4160	3
4180	1
4200	5
4220	3
4240	8
4260	4
4280	5
4300	1
4320	6
4340	1
4360	1
4380	3
4400	4
4420	3
4440	6
4460	4
4480	0
4500	2
4520	1
4540	3
4560	5
4580	0
4600	1
4620	0
4640	2
4660	2
4680	5
4700	3
4720	6
4740	3
4760	1
4780	5
4800	3
4820	7
4840	4
4860	1
4880	5
4900	1
4920	1
4940	5
4960	4
4980	1
5000	3
5020	4
5040	0
5060	2
5080	4
5100	1
5120	5
5140	3
5160	2
5180	2
5200	1
5220	3
5240	4
5260	2
5280	3
5300	4
5320	4
5340	1
5360	3
5380	4
5400	3
5420	1
5440	1
5460	4
5480	3
5500	0
5520	3
5540	4
5560	5
5580	3
5600	1
5620	3
5640	7
5660	2
5680	7
5700	8
5720	3
5740	4
5760	3
5780	4
5800	5
5820	2
5840	4
5860	5
5880	2
5900	5
5920	5
5940	1
5960	2
5980	8
6000	2
6020	3
6040	2
6060	2
6080	2
6100	7
6120	7
6140	3
6160	2
6180	3
6200	5
6220	2
6240	2
6260	2
6280	3
6300	4
6320	5
6340	2
6360	4
6380	3
6400	4
6420	5
6440	2
6460	3
6480	2
6500	5
6520	0
6540	2
6560	3
6580	2
6600	7
6620	6
6640	4
6660	2
6680	2
6700	4
6720	6
6740	5
6760	3
6780	7
6800	3
6820	2
6840	5
6860	4
6880	2
6900	4
6920	3
6940	3
6960	3
6980	3
7000	5
7020	2
7040	5
7060	3
7080	4
7100	6
7120	2
7140	3
7160	4
7180	3
7200	5
7220	3
7240	5
7260	5
7280	6
7300	6
7320	5
7340	5
7360	2
7380	3
7400	6
7420	1
7440	1
7460	6
7480	3
7500	2
7520	2
7540	6
7560	7
7580	6
7600	3
7620	3
7640	1
7660	3
7680	4
7700	3
7720	4
7740	4
7760	9
7780	5
7800	2
7820	1
7840	2
7860	2
7880	6
7900	6
7920	3
7940	6
7960	6
7980	2
8000	7
8020	5
8040	5
8060	1
8080	3
8100	2
8120	3
8140	3
8160	5
8180	4
8200	2
8220	3
8240	3
8260	3
8280	2
8300	6
8320	1
8340	2
8360	3
8380	1
8400	3
8420	8
8440	6
8460	10
8480	6
8500	3
8520	3
8540	3
8560	5
8580	7
8600	5
8620	1
8640	5
8660	3
8680	2
8700	1
8720	3
8740	3
8760	5
8780	2
8800	4
8820	2
8840	4
8860	3
8880	5
8900	3
8920	3
8940	1
8960	2
8980	4
9000	5
9020	3
9040	5
9060	8
9080	4
9100	6
9120	7
9140	6
9160	4
9180	8
9200	6
9220	9
9240	14
9260	19
9280	36
9300	20
9320	7
9340	3
9360	4
9380	5
9400	7
9420	5
9440	3
9460	7
9480	3
9500	6
9520	1
9540	1
9560	3
9580	3
9600	5
9620	4
9640	8
9660	5
9680	5
9700	3
9720	3
9740	3
9760	3
9780	2
9800	7
9820	5
9840	5
9860	4
9880	5
9900	3
9920	4
9940	3
9960	1
9980	5
10000	5
10020	4
10040	6
10060	1
10080	3
10100	5
10120	10
10140	5
10160	6
10180	3
10200	5
10220	3
10240	4
10260	7
10280	4
10300	1
10320	5
10340	3
10360	0
10380	2
10400	3
10420	3
10440	3
10460	4
10480	6
10500	4
10520	1
10540	3
10560	2
10580	4
10600	5
10620	5
10640	5
10660	2
10680	6
10700	4
10720	2
10740	3
10760	4
10780	3
10800	5
10820	5
10840	3
10860	1
10880	5
10900	1
10920	8
10940	8
10960	6
10980	5
11000	4
11020	2
11040	3
11060	2
11080	2
11100	3
11120	6
11140	6
11160	6
11180	6
11200	2
11220	3
11240	9
11260	6
11280	4
11300	4
11320	5
11340	5
11360	2
11380	3
11400	3
11420	7
11440	5
11460	5
11480	5
11500	5
11520	4
11540	7
11560	5
11580	5
11600	11
11620	1
11640	8
11660	4
11680	3
11700	5
11720	5
11740	5
11760	6
11780	6
11800	10
11820	5
11840	5
11860	4
11880	5
11900	4
11920	6
11940	4
11960	0
11980	3
12000	3
12020	4
12040	8
12060	4
12080	9
12100	3
12120	5
12140	3
12160	5
12180	2
12200	8
12220	8
12240	12
12260	14
12280	13
12300	20
12320	27
12340	55
12360	93
12380	215
12400	518
12420	1321
12440	3119
12460	5945
12480	7186
12500	3583
12520	891
12540	170
12560	40
12580	19
12600	11
12620	19
12640	17
12660	14
12680	7
12700	10
12720	3
12740	5
12760	3
12780	5
12800	1
12820	4
12840	2
12860	0
12880	2
12900	4
12920	3
12940	2
12960	4
12980	3
13000	2
13020	2
13040	2
13060	6
13080	4
13100	6
13120	3
13140	2
13160	2
13180	4
13200	1
13220	3
13240	7
13260	5
13280	5
13300	5
13320	3
13340	7
13360	6
13380	5
13400	1
13420	1
13440	4
13460	1
13480	4
13500	4
13520	2
13540	4
13560	5
13580	3
13600	3
13620	5
13640	2
13660	3
13680	6
13700	5
13720	0
13740	3
13760	4
13780	2
13800	4
13820	4
13840	10
13860	7
13880	6
13900	4
13920	3
13940	2
13960	3
13980	1
14000	3
14020	4
14040	3
14060	2
14080	1
14100	1
14120	3
14140	2
14160	4
14180	1
14200	2
14220	6
14240	0
14260	3
14280	7
14300	0
14320	1
14340	1
14360	3
14380	2
14400	9
14420	2
14440	5
14460	3
14480	1
14500	2
14520	8
14540	2
14560	5
14580	0
14600	4
14620	3
14640	0
14660	4
14680	4
14700	3
14720	3
14740	4
14760	6
14780	3
14800	5
14820	4
14840	1
14860	4
14880	4
14900	3
14920	5
14940	5
14960	1
14980	2
15000	0
15020	2
15040	4
15060	0
15080	3
15100	4
15120	2
15140	1
15160	2
15180	4
15200	1
15220	5
15240	1
15260	5
15280	0
15300	1
15320	2
15340	0
15360	1
15380	2
15400	5
15420	2
15440	5
15460	5
15480	1
15500	2
15520	7
15540	3
15560	5
15580	3
15600	4
15620	2
15640	5
15660	3
15680	2
15700	3
15720	3
15740	3
15760	5
15780	2
15800	3
15820	3
15840	5
15860	6
15880	6
15900	3
15920	7
15940	6
15960	2
15980	3
16000	4
16020	3
16040	1
16060	5
16080	4
16100	3
16120	4
16140	2
16160	5
16180	2
16200	6
16220	5
16240	0
16260	3
16280	2
16300	2
16320	4
16340	6
16360	5
16380	5
16400	4
16420	4
16440	4
16460	4
16480	7
16500	6
16520	3
16540	8
16560	2
16580	2
16600	2
16620	6
16640	2
16660	0
16680	5
16700	5
16720	1
16740	0
16760	2
16780	4
16800	5
16820	1
16840	6
16860	6
16880	1
16900	3
16920	4
16940	5
16960	2
16980	2
17000	2
17020	0
17040	0
17060	4
17080	6
17100	4
17120	3
17140	5
17160	1
17180	4
17200	1
17220	3
17240	1
17260	8
17280	4
17300	1
17320	4
17340	13
17360	3
17380	3
17400	3
17420	1
17440	1
17460	1
17480	0
17500	3
17520	6
17540	5
17560	2
17580	0
17600	2
17620	8
17640	2
17660	4
17680	2
17700	6
17720	0
17740	3
17760	2
17780	2
17800	2
17820	3
17840	3
17860	5
17880	2
17900	6
17920	2
17940	7
17960	1
17980	1
18000	6
18020	3
18040	3
18060	0
18080	3
18100	3
18120	6
18140	7
18160	1
18180	2
18200	2
18220	5
18240	5
18260	4
18280	7
18300	1
18320	4
18340	3
18360	5
18380	3
18400	5
18420	1
18440	1
18460	1
18480	2
18500	5
18520	4
18540	3
18560	7
18580	5
18600	2
18620	4
18640	4
18660	3
18680	2
18700	5
18720	1
18740	3
18760	11
18780	4
18800	2
18820	3
18840	2
18860	3
18880	2
18900	4
18920	4
18940	4
18960	4
18980	6
19000	2
19020	6
19040	3
19060	4
19080	3
19100	5
19120	3
19140	4
19160	3
19180	7
19200	4
19220	1
19240	1
19260	2
19280	4
19300	4
19320	1
19340	1
19360	0
19380	3
19400	5
19420	3
19440	5
19460	1
19480	2
19500	7
19520	4
19540	2
19560	5
19580	2
19600	7
19620	3
19640	6
19660	4
19680	6
19700	5
19720	2
19740	4
19760	3
19780	3
19800	4
19820	3
19840	3
19860	3
19880	1
19900	4
19920	6
19940	4
19960	4
19980	5
