"Time differences (ps)"	"Counts per bin"
-20000	0
-19980	2
-19960	1
-19940	2
-19920	3
-19900	2
-19880	4
-19860	2
-19840	0
-19820	2
-19800	2
-19780	2
-19760	2
-19740	0
-19720	2
-19700	2
-19680	4
-19660	2
-19640	0
-19620	3
-19600	3
-19580	0
-19560	2
-19540	3
-19520	1
-19500	1
-19480	3
-19460	2
-19440	1
-19420	5
-19400	0
-19380	1
-19360	2
-19340	2
-19320	2
-19300	2
-19280	4
-19260	3
-19240	1
-19220	1
-19200	1
-19180	2
-19160	0
-19140	0
-19120	0
-19100	1
-19080	3
-19060	0
-19040	3
-19020	2
-19000	0
-18980	1
-18960	1
-18940	1
-18920	4
-18900	1
-18880	1
-18860	1
-18840	1
-18820	1
-18800	3
-18780	3
-18760	3
-18740	0
-18720	3
-18700	0
-18680	5
-18660	1
-18640	4
-18620	2
-18600	1
-18580	2
-18560	0
-18540	3
-18520	6
-18500	3
-18480	2
-18460	4
-18440	2
-18420	6
-18400	1
-18380	0
-18360	0
-18340	1
-18320	2
-18300	2
-18280	0
-18260	4
-18240	1
-18220	2
-18200	3
-18180	1
-18160	1
-18140	0
-18120	3
-18100	1
-18080	2
-18060	2
-18040	3
-18020	2
-18000	0
-17980	4
-17960	1
-17940	2
-17920	2
-17900	1
-17880	1
-17860	2
-17840	1
-17820	0
-17800	1
-17780	3
-17760	1
-17740	4
-17720	1
-17700	2
-17680	2
-17660	1
-17640	3
-17620	0
-17600	1
-17580	2
-17560	0
-17540	2
-17520	3
-17500	2
-17480	1
-17460	1
-17440	2
-17420	4
-17400	1
-17380	0
-17360	5
-17340	2
-17320	1
-17300	1
-17280	1
-17260	2
-17240	3
-17220	2
-17200	1
-17180	3
-17160	2
-17140	2
-17120	0
-17100	4
-17080	1
-17060	2
-17040	0
-17020	3
-17000	2
-16980	1
-16960	3
-16940	3
-16920	0
-16900	3
-16880	1
-16860	4
-16840	2
-16820	3
-16800	0
-16780	1
-16760	2
-16740	0
-16720	3
-16700	2
-16680	1
-16660	3
-16640	4
-16620	2
-16600	1
-16580	1
-16560	3
-16540	4
-16520	2
-16500	2
-16480	3
-16460	1
-16440	6
-16420	2
-16400	1
-16380	2
-16360	1
-16340	4
-16320	2
-16300	2
-16280	1
-16260	4
-16240	2
-16220	0
-16200	2
-16180	0
-16160	1
-16140	5
-16120	1
-16100	3
-16080	3
-16060	4
-16040	0
-16020	4
-16000	0
-15980	4
-15960	1
-15940	2
-15920	3
-15900	2
-15880	2
-15860	1
-15840	1
-15820	1
-15800	2
-15780	4
-15760	6
-15740	11
-15720	22
-15700	21
-15680	25
-15660	11
-15640	4
-15620	3
-15600	1
-15580	2
-15560	1
-15540	3
-15520	0
-15500	1
-15480	0
-15460	5
-15440	0
-15420	3
-15400	3
-15380	1
-15360	5
-15340	2
-15320	2
-15300	1
-15280	3
-15260	0
-15240	4
-15220	2
-15200	1
-15180	2
-15160	2
-15140	3
-15120	2
-15100	2
-15080	0
-15060	1
-15040	1
-15020	2
-15000	2
-14980	2
-14960	2
-14940	3
-14920	3
-14900	1
-14880	3
-14860	0
-14840	0
-14820	3
-14800	2
-14780	3
-14760	2
-14740	1
-14720	2
-14700	2
-14680	1
-14660	1
-14640	1
-14620	2
-14600	2
-14580	2
-14560	2
-14540	2
-14520	1
-14500	2
-14480	3
-14460	2
-14440	2
-14420	3
-14400	4
-14380	4
-14360	5
-14340	2
-14320	3
-14300	1
-14280	5
-14260	1
-14240	3
-14220	4
-14200	1
-14180	2
-14160	3
-14140	2
-14120	3
-14100	1
-14080	3
-14060	3
-14040	1
-14020	1
-14000	2
-13980	3
-13960	4
-13940	5
-13920	1
-13900	1
-13880	4
-13860	3
-13840	0
-13820	4
-13800	5
-13780	3
-13760	0
-13740	3
-13720	1
-13700	1
-13680	4
-13660	3
-13640	0
-13620	5
-13600	2
-13580	1
-13560	1
-13540	3
-13520	6
-13500	0
-13480	3
-13460	4
-13440	6
-13420	2
-13400	2
-13380	6
-13360	2
-13340	1
-13320	0
-13300	1
-13280	3
-13260	2
-13240	4
-13220	3
-13200	2
-13180	2
-13160	1
-13140	1
-13120	3
-13100	0
-13080	3
-13060	2
-13040	3
-13020	2
-13000	6
-12980	1
-12960	1
-12940	3
-12920	3
-12900	2
-12880	5
-12860	1
-12840	1
-12820	9
-12800	2
-12780	5
-12760	2
-12740	7
-12720	10
-12700	9
-12680	12
-12660	14
-12640	30
-12620	63
-12600	104
-12580	295
-12560	732
-12540	2147
-12520	5099
-12500	8327
-12480	6160
-12460	1836
-12440	421
-12420	71
-12400	20
-12380	16
-12360	13
-12340	19
-12320	16
-12300	14
-12280	4
-12260	1
-12240	1
-12220	2
-12200	3
-12180	0
-12160	3
-12140	3
-12120	0
-12100	0
-12080	3
-12060	3
-12040	2
-12020	0
-12000	1
-11980	2
-11960	4
-11940	0
-11920	2
-11900	2
-11880	1
-11860	5
-11840	0
-11820	0
-11800	1
-11780	1
-11760	0
-11740	4
-11720	5
-11700	10
-11680	15
-11660	10
-11640	24
-11620	16
-11600	4
-11580	3
-11560	2
-11540	0
-11520	1
-11500	1
-11480	0
-11460	0
-11440	1
-11420	0
-11400	1
-11380	1
-11360	3
-11340	1
-11320	2
-11300	1
-11280	2
-11260	1
-11240	2
-11220	2
-11200	5
-11180	3
-11160	1
-11140	1
-11120	2
-11100	4
-11080	10
-11060	7
-11040	1
-11020	0
-11000	0
-10980	0
-10960	2
-10940	0
-10920	1
-10900	2
-10880	3
-10860	0
-10840	0
-10820	2
-10800	3
-10780	2
-10760	2
-10740	0
-10720	3
-10700	1
-10680	1
-10660	0
-10640	1
-10620	2
-10600	1
-10580	0
-10560	0
-10540	0
-10520	3
-10500	1
-10480	2
-10460	1
-10440	1
-10420	2
-10400	1
-10380	2
-10360	3
-10340	1
-10320	3
-10300	2
-10280	1
-10260	3
-10240	0
-10220	1
-10200	1
-10180	0
-10160	0
-10140	0
-10120	3
-10100	1
-10080	3
-10060	1
-10040	0
-10020	0
-10000	1
-9980	4
-9960	0
-9940	1
-9920	1
-9900	2
-9880	2
-9860	4
-9840	2
-9820	2
-9800	1
-9780	2
-9760	2
-9740	0
-9720	1
-9700	1
-9680	1
-9660	3
-9640	0
-9620	2
-9600	0
-9580	1
-9560	2
-9540	0
-9520	1
-9500	4
-9480	0
-9460	1
-9440	3
-9420	1
-9400	0
-9380	0
-9360	1
-9340	0
-9320	3
-9300	1
-9280	1
-9260	3
-9240	0
-9220	1
-9200	1
-9180	1
-9160	0
-9140	0
-9120	2
-9100	1
-9080	1
-9060	2
-9040	1
-9020	2
-9000	0
-8980	4
-8960	1
-8940	2
-8920	2
-8900	2
-8880	1
-8860	2
-8840	3
-8820	0
-8800	0
-8780	1
-8760	1
-8740	3
-8720	0
-8700	0
-8680	1
-8660	2
-8640	0
-8620	1
-8600	2
-8580	2
-8560	1
-8540	1
-8520	3
-8500	2
-8480	2
-8460	3
-8440	1
-8420	0
-8400	3
-8380	3
-8360	1
-8340	2
-8320	1
-8300	1
-8280	3
-8260	3
-8240	1
-8220	1
-8200	0
-8180	0
-8160	1
-8140	0
-8120	1
-8100	2
-8080	0
-8060	0
-8040	1
-8020	2
-8000	2
-7980	0
-7960	1
-7940	3
-7920	2
-7900	1
-7880	1
-7860	0
-7840	1
-7820	2
-7800	4
-7780	1
-7760	3
-7740	1
-7720	1
-7700	3
-7680	2
-7660	3
-7640	2
-7620	6
-7600	0
-7580	1
-7560	0
-7540	0
-7520	0
-7500	1
-7480	0
-7460	3
-7440	2
-7420	3
-7400	3
-7380	1
-7360	1
-7340	2
-7320	2
-7300	2
-7280	2
-7260	0
-7240	3
-7220	0
-7200	1
-7180	1
-7160	1
-7140	1
-7120	0
-7100	0
-7080	0
-7060	0
-7040	1
-7020	6
-7000	2
-6980	2
-6960	1
-6940	0
-6920	1
-6900	1
-6880	0
-6860	1
-6840	0
-6820	3
-6800	2
-6780	1
-6760	1
-6740	2
-6720	1
-6700	0
-6680	4
-6660	1
-6640	4
-6620	1
-6600	1
-6580	1
-6560	1
-6540	1
-6520	0
-6500	1
-6480	3
-6460	1
-6440	1
-6420	2
-6400	1
-6380	1
-6360	0
-6340	1
-6320	1
-6300	1
-6280	2
-6260	2
-6240	2
-6220	1
-6200	1
-6180	1
-6160	1
-6140	0
-6120	0
-6100	1
-6080	4
-6060	1
-6040	0
-6020	1
-6000	0
-5980	1
-5960	2
-5940	0
-5920	1
-5900	0
-5880	2
-5860	1
-5840	1
-5820	2
-5800	0
-5780	1
-5760	0
-5740	0
-5720	1
-5700	1
-5680	1
-5660	1
-5640	2
-5620	1
-5600	0
-5580	2
-5560	2
-5540	3
-5520	0
-5500	1
-5480	4
-5460	2
-5440	1
-5420	2
-5400	1
-5380	1
-5360	1
-5340	0
-5320	3
-5300	0
-5280	1
-5260	1
-5240	1
-5220	0
-5200	0
-5180	2
-5160	2
-5140	0
-5120	0
-5100	0
-5080	1
-5060	1
-5040	0
-5020	1
-5000	2
-4980	1
-4960	0
-4940	1
-4920	1
-4900	0
-4880	0
-4860	2
-4840	2
-4820	3
-4800	2
-4780	2
-4760	1
-4740	1
-4720	1
-4700	3
-4680	1
-4660	4
-4640	3
-4620	0
-4600	1
-4580	1
-4560	2
-4540	3
-4520	2
-4500	2
-4480	2
-4460	4
-4440	2
-4420	0
-4400	0
-4380	0
-4360	4
-4340	1
-4320	2
-4300	2
-4280	2
-4260	0
-4240	0
-4220	3
-4200	1
-4180	1
-4160	1
-4140	4
-4120	3
-4100	1
-4080	2
-4060	2
-4040	5
-4020	8
-4000	5
-3980	2
-3960	0
-3940	3
-3920	1
-3900	0
-3880	1
-3860	5
-3840	2
-3820	0
-3800	2
-3780	0
-3760	2
-3740	2
-3720	2
-3700	2
-3680	0
-3660	1
-3640	2
-3620	0
-3600	4
-3580	0
-3560	1
-3540	1
-3520	2
-3500	3
-3480	3
-3460	2
-3440	2
-3420	1
-3400	2
-3380	2
-3360	2
-3340	2
-3320	2
-3300	4
-3280	6
-3260	7
-3240	11
-3220	28
-3200	29
-3180	17
-3160	9
-3140	1
-3120	1
-3100	2
-3080	1
-3060	2
-3040	0
-3020	2
-3000	0
-2980	2
-2960	2
-2940	0
-2920	0
-2900	3
-2880	1
-2860	3
-2840	2
-2820	1
-2800	0
-2780	2
-2760	2
-2740	3
-2720	0
-2700	2
-2680	5
-2660	1
-2640	1
-2620	0
-2600	0
-2580	2
-2560	2
-2540	3
-2520	0
-2500	2
-2480	2
-2460	2
-2440	1
-2420	2
-2400	4
-2380	1
-2360	3
-2340	0
-2320	3
-2300	3
-2280	0
-2260	1
-2240	2
-2220	1
-2200	2
-2180	2
-2160	2
-2140	2
-2120	4
-2100	0
-2080	1
-2060	1
-2040	1
-2020	2
-2000	0
-1980	1
-1960	3
-1940	2
-1920	2
-1900	1
-1880	0
-1860	0
-1840	1
-1820	1
-1800	3
-1780	5
-1760	2
-1740	1
-1720	1
-1700	1
-1680	3
-1660	0
-1640	3
-1620	0
-1600	1
-1580	2
-1560	2
-1540	1
-1520	3
-1500	2
-1480	1
-1460	3
-1440	4
-1420	3
-1400	2
-1380	1
-1360	2
-1340	2
-1320	2
-1300	2
-1280	1
-1260	0
-1240	0
-1220	0
-1200	3
-1180	2
-1160	4
-1140	1
-1120	3
-1100	1
-1080	2
-1060	3
-1040	4
-1020	4
-1000	0
-980	0
-960	4
-940	1
-920	5
-900	3
-880	7
-860	1
-840	2
-820	1
-800	1
-780	1
-760	1
-740	2
-720	2
-700	1
-680	1
-660	3
-640	1
-620	1
-600	4
-580	2
-560	3
-540	4
-520	2
-500	3
-480	1
-460	4
-440	2
-420	2
-400	5
-380	0
-360	3
-340	1
-320	7
-300	3
-280	0
-260	4
-240	4
-220	8
-200	10
-180	18
-160	23
-140	27
-120	41
-100	112
-80	394
-60	1431
-40	4849
-20	12419
0	11268
20	2043
40	216
60	28
80	10
100	9
120	7
140	13
160	32
180	18
200	6
220	3
240	2
260	7
280	3
300	0
320	6
340	6
360	3
380	3
400	5
420	5
440	6
460	6
480	2
500	4
520	2
540	6
560	3
580	2
600	2
620	2
640	2
660	6
680	5
700	1
720	4
740	5
760	6
780	8
800	6
820	12
840	10
860	9
880	7
900	1
920	2
940	3
960	3
980	2
1000	2
1020	2
1040	7
1060	2
1080	3
1100	3
1120	2
1140	3
1160	1
1180	2
1200	4
1220	2
1240	4
1260	1
1280	3
1300	3
1320	2
1340	1
1360	4
1380	10
1400	6
1420	11
1440	7
1460	4
1480	5
1500	2
1520	4
1540	6
1560	3
1580	5
1600	4
1620	5
1640	5
1660	1
1680	0
1700	6
1720	4
1740	2
1760	1
1780	6
1800	3
1820	2
1840	2
1860	7
1880	3
1900	3
1920	4
1940	5
1960	3
1980	4
2000	2
2020	5
2040	5
2060	1
2080	4
2100	6
2120	6
2140	1
2160	3
2180	2
2200	4
2220	2
2240	5
2260	4
2280	7
2300	3
2320	2
2340	3
2360	6
2380	2
2400	2
2420	1
2440	3
2460	1
2480	3
2500	3
2520	3
2540	1
2560	1
2580	7
2600	2
2620	2
2640	7
2660	4
2680	1
2700	2
2720	1
2740	4
2760	1
2780	4
2800	4
2820	5
2840	4
2860	6
2880	6
2900	5
2920	4
2940	3
2960	4
2980	3
3000	3
3020	1
3040	6
3060	2
3080	1
3100	6
3120	5
3140	3
3160	3
3180	3
3200	1
3220	5
3240	6
3260	3
3280	5
3300	5
3320	1
3340	1
3360	5
3380	5
3400	2
3420	4
3440	4
3460	2
3480	5
3500	2
3520	2
3540	4
3560	1
3580	4
3600	5
3620	6
3640	2
3660	5
3680	5
3700	4
3720	3
3740	4
3760	3
3780	5
3800	2
3820	7
3840	5
3860	5
3880	6
3900	5
3920	7
3940	1
3960	2
3980	5
4000	9
4020	5
4040	6
4060	6
4080	1
4100	5
4120	9
4140	3
4160	5
4180	1
4200	3
4220	3
4240	3
4260	4
4280	4
4300	3
4320	4
4340	2
4360	1
4380	3
4400	3
4420	3
4440	2
4460	2
4480	1
4500	3
4520	3
4540	5
4560	3
4580	6
4600	3
4620	8
4640	2
4660	3
4680	3
4700	4
4720	4
4740	1
4760	3
4780	3
4800	6
4820	5
4840	4
4860	10
4880	2
4900	5
4920	2
4940	8
4960	4
4980	1
5000	4
5020	6
5040	5
5060	3
5080	11
5100	9
5120	3
5140	8
5160	6
5180	2
5200	4
5220	5
5240	3
5260	2
5280	1
5300	1
5320	1
5340	5
5360	4
5380	3
5400	8
5420	2
5440	8
5460	2
5480	5
5500	4
5520	6
5540	3
5560	3
5580	3
5600	2
5620	6
5640	2
5660	5
5680	1
5700	7
5720	4
5740	2
5760	4
5780	5
5800	2
5820	3
5840	4
5860	5
5880	5
5900	3
5920	1
5940	1
5960	4
5980	4
6000	4
6020	4
6040	6
6060	1
6080	2
6100	5
6120	5
6140	3
6160	4
6180	7
6200	4
6220	2
6240	2
6260	2
6280	4
6300	3
6320	3
6340	3
6360	1
6380	1
6400	5
6420	2
6440	3
6460	2
6480	8
6500	3
6520	4
6540	2
6560	11
6580	3
6600	4
6620	3
6640	3
6660	9
6680	6
6700	0
6720	3
6740	5
6760	4
6780	5
6800	2
6820	3
6840	6
6860	1
6880	3
6900	3
6920	3
6940	3
6960	7
6980	10
7000	1
7020	3
7040	4
7060	3
7080	5
7100	5
7120	6
7140	3
7160	1
7180	10
7200	5
7220	5
7240	2
7260	3
7280	1
7300	2
7320	3
7340	3
7360	4
7380	5
7400	3
7420	4
7440	4
7460	3
7480	5
7500	3
7520	7
7540	5
7560	4
7580	3
7600	5
7620	5
7640	2
7660	6
7680	1
7700	6
7720	4
7740	4
7760	3
7780	4
7800	5
7820	2
7840	3
7860	0
7880	3
7900	7
7920	6
7940	4
7960	4
7980	8
8000	4
8020	7
8040	6
8060	1
8080	4
8100	10
8120	3
8140	3
8160	1
8180	3
8200	4
8220	2
8240	5
8260	9
8280	7
8300	5
8320	3
8340	2
8360	6
8380	3
8400	2
8420	4
8440	6
8460	5
8480	9
8500	1
8520	5
8540	7
8560	6
8580	2
8600	1
8620	5
8640	5
8660	3
8680	5
8700	6
8720	3
8740	8
8760	5
8780	5
8800	4
8820	3
8840	3
8860	4
8880	3
8900	3
8920	6
8940	5
8960	4
8980	3
9000	4
9020	6
9040	7
9060	6
9080	8
9100	7
9120	5
9140	7
9160	9
9180	7
9200	2
9220	5
9240	18
9260	27
9280	33
9300	28
9320	10
9340	8
9360	3
9380	3
9400	1
9420	1
9440	5
9460	3
9480	3
9500	1
9520	2
9540	2
9560	6
9580	3
9600	7
9620	2
9640	3
9660	1
9680	4
9700	1
9720	5
9740	4
9760	5
9780	4
9800	4
9820	5
9840	4
9860	2
9880	3
9900	10
9920	2
9940	2
9960	5
9980	3
10000	1
10020	3
10040	2
10060	3
10080	6
10100	2
10120	8
10140	2
10160	2
10180	7
10200	0
10220	6
10240	7
10260	3
10280	3
10300	3
10320	2
10340	4
10360	5
10380	6
10400	5
10420	2
10440	6
10460	2
10480	7
10500	3
10520	7
10540	5
10560	5
10580	2
10600	2
10620	4
10640	5
10660	5
10680	5
10700	2
10720	6
10740	6
10760	4
10780	5
10800	8
10820	5
10840	10
10860	7
10880	5
10900	7
10920	10
10940	6
10960	9
10980	1
11000	3
11020	5
11040	2
11060	3
11080	3
11100	4
11120	10
11140	10
11160	3
11180	1
11200	5
11220	6
11240	6
11260	8
11280	6
11300	6
11320	6
11340	4
11360	11
11380	5
11400	4
11420	4
11440	4
11460	6
11480	4
11500	2
11520	4
11540	1
11560	6
11580	7
11600	8
11620	5
11640	4
11660	3
11680	6
11700	5
11720	5
11740	4
11760	8
11780	4
11800	7
11820	5
11840	4
11860	6
11880	3
11900	7
11920	2
11940	6
11960	3
11980	7
12000	3
12020	9
12040	8
12060	5
12080	7
12100	2
12120	3
12140	5
12160	8
12180	3
12200	8
12220	6
12240	9
12260	4
12280	15
12300	17
12320	26
12340	51
12360	87
12380	159
12400	422
12420	1248
12440	3138
12460	6797
12480	8129
12500	4034
12520	969
12540	216
12560	41
12580	18
12600	13
12620	13
12640	27
12660	18
12680	8
12700	10
12720	5
12740	3
12760	3
12780	3
12800	5
12820	3
12840	3
12860	6
12880	4
12900	5
12920	6
12940	0
12960	7
12980	4
13000	0
13020	3
13040	2
13060	3
13080	4
13100	6
13120	2
13140	3
13160	3
13180	3
13200	2
13220	4
13240	3
13260	5
13280	5
13300	9
13320	6
13340	8
13360	3
13380	3
13400	5
13420	4
13440	7
13460	4
13480	2
13500	4
13520	5
13540	6
13560	3
13580	5
13600	4
13620	5
13640	1
13660	3
13680	2
13700	6
13720	4
13740	4
13760	2
13780	2
13800	4
13820	7
13840	6
13860	4
13880	9
13900	8
13920	2
13940	5
13960	4
13980	5
14000	4
14020	4
14040	3
14060	2
14080	4
14100	1
14120	3
14140	3
14160	4
14180	1
14200	1
14220	4
14240	1
14260	3
14280	2
14300	4
14320	3
14340	6
14360	6
14380	0
14400	2
14420	3
14440	2
14460	6
14480	5
14500	7
14520	1
14540	3
14560	4
14580	1
14600	3
14620	0
14640	6
14660	2
14680	7
14700	3
14720	3
14740	1
14760	5
14780	3
14800	2
14820	5
14840	2
14860	3
14880	1
14900	2
14920	0
14940	5
14960	6
14980	3
15000	8
15020	1
15040	3
15060	5
15080	5
15100	3
15120	6
15140	4
15160	3
15180	6
15200	2
15220	5
15240	4
15260	8
15280	3
15300	5
15320	5
15340	2
15360	8
15380	4
15400	3
15420	6
15440	0
15460	4
15480	4
15500	4
15520	2
15540	6
15560	4
15580	1
15600	4
15620	3
15640	5
15660	1
15680	0
15700	4
15720	3
15740	5
15760	4
15780	4
15800	1
15820	6
15840	3
15860	1
15880	3
15900	4
15920	5
15940	4
15960	3
15980	2
16000	6
16020	3
16040	4
16060	3
16080	1
16100	3
16120	1
16140	7
16160	2
16180	3
16200	2
16220	1
16240	3
16260	3
16280	5
16300	2
16320	3
16340	1
16360	3
16380	3
16400	1
16420	4
16440	2
16460	5
16480	8
16500	4
16520	5
16540	0
16560	4
16580	4
16600	3
16620	2
16640	2
16660	2
16680	3
16700	4
16720	2
16740	4
16760	3
16780	4
16800	1
16820	2
16840	3
16860	0
16880	3
16900	4
16920	1
16940	4
16960	5
16980	2
17000	6
17020	4
17040	3
17060	4
17080	2
17100	6
17120	2
17140	5
17160	1
17180	4
17200	3
17220	0
17240	5
17260	3
17280	2
17300	6
17320	3
17340	12
17360	6
17380	3
17400	2
17420	3
17440	7
17460	4
17480	1
17500	2
17520	2
17540	5
17560	10
17580	5
17600	9
17620	2
17640	3
17660	2
17680	3
17700	4
17720	1
17740	1
17760	4
17780	1
17800	3
17820	6
17840	4
17860	5
17880	3
17900	2
17920	2
17940	1
17960	2
17980	3
18000	3
18020	4
18040	3
18060	3
18080	4
18100	7
18120	0
18140	2
18160	3
18180	4
18200	2
18220	0
18240	3
18260	5
18280	4
18300	6
18320	3
18340	3
18360	1
18380	1
18400	5
18420	4
18440	5
18460	5
18480	4
18500	7
18520	2
18540	5
18560	4
18580	6
18600	2
18620	5
18640	4
18660	3
18680	5
18700	2
18720	5
18740	3
18760	5
18780	4
18800	4
18820	2
18840	4
18860	5
18880	4
18900	3
18920	3
18940	6
18960	2
18980	3
19000	3
19020	4
19040	1
19060	1
19080	3
19100	1
19120	4
19140	2
19160	2
19180	5
19200	3
19220	2
19240	7
19260	1
19280	5
19300	7
19320	2
19340	1
19360	4
19380	4
19400	4
19420	1
19440	4
19460	7
19480	4
19500	3
19520	7
19540	6
19560	2
19580	1
19600	6
19620	5
19640	6
19660	3
19680	6
19700	4
19720	3
19740	4
19760	3
19780	10
19800	3
19820	4
19840	2
19860	4
19880	6
19900	3
19920	7
19940	4
19960	4
19980	5
