"Time differences (ps)"	"Counts per bin"
-20000	2
-19980	0
-19960	0
-19940	1
-19920	2
-19900	2
-19880	8
-19860	6
-19840	3
-19820	5
-19800	2
-19780	1
-19760	0
-19740	0
-19720	2
-19700	1
-19680	1
-19660	0
-19640	3
-19620	2
-19600	2
-19580	2
-19560	3
-19540	4
-19520	4
-19500	1
-19480	2
-19460	0
-19440	3
-19420	1
-19400	0
-19380	2
-19360	0
-19340	3
-19320	0
-19300	1
-19280	1
-19260	1
-19240	2
-19220	1
-19200	2
-19180	1
-19160	3
-19140	0
-19120	2
-19100	0
-19080	0
-19060	3
-19040	1
-19020	0
-19000	2
-18980	3
-18960	2
-18940	0
-18920	1
-18900	0
-18880	3
-18860	1
-18840	1
-18820	1
-18800	2
-18780	1
-18760	5
-18740	2
-18720	2
-18700	2
-18680	1
-18660	1
-18640	1
-18620	1
-18600	1
-18580	1
-18560	0
-18540	1
-18520	1
-18500	2
-18480	0
-18460	3
-18440	2
-18420	1
-18400	2
-18380	1
-18360	2
-18340	3
-18320	2
-18300	1
-18280	3
-18260	1
-18240	1
-18220	2
-18200	4
-18180	1
-18160	3
-18140	1
-18120	3
-18100	0
-18080	1
-18060	1
-18040	2
-18020	2
-18000	3
-17980	1
-17960	2
-17940	1
-17920	1
-17900	3
-17880	2
-17860	3
-17840	2
-17820	2
-17800	1
-17780	1
-17760	2
-17740	0
-17720	4
-17700	0
-17680	2
-17660	5
-17640	2
-17620	2
-17600	0
-17580	1
-17560	1
-17540	5
-17520	2
-17500	3
-17480	2
-17460	1
-17440	0
-17420	2
-17400	2
-17380	2
-17360	0
-17340	3
-17320	1
-17300	2
-17280	1
-17260	1
-17240	0
-17220	0
-17200	4
-17180	2
-17160	4
-17140	5
-17120	3
-17100	3
-17080	1
-17060	4
-17040	2
-17020	1
-17000	3
-16980	2
-16960	0
-16940	2
-16920	2
-16900	3
-16880	1
-16860	2
-16840	3
-16820	3
-16800	0
-16780	0
-16760	2
-16740	1
-16720	3
-16700	0
-16680	0
-16660	3
-16640	3
-16620	4
-16600	1
-16580	5
-16560	1
-16540	5
-16520	7
-16500	4
-16480	2
-16460	1
-16440	4
-16420	2
-16400	0
-16380	1
-16360	3
-16340	4
-16320	3
-16300	1
-16280	2
-16260	0
-16240	1
-16220	4
-16200	0
-16180	1
-16160	0
-16140	2
-16120	1
-16100	0
-16080	2
-16060	4
-16040	0
-16020	1
-16000	1
-15980	3
-15960	3
-15940	1
-15920	3
-15900	0
-15880	2
-15860	3
-15840	1
-15820	4
-15800	3
-15780	1
-15760	6
-15740	11
-15720	19
-15700	26
-15680	29
-15660	13
-15640	1
-15620	3
-15600	2
-15580	1
-15560	2
-15540	2
-15520	2
-15500	3
-15480	1
-15460	3
-15440	4
-15420	2
-15400	1
-15380	1
-15360	0
-15340	1
-15320	4
-15300	2
-15280	1
-15260	3
-15240	2
-15220	1
-15200	1
-15180	3
-15160	2
-15140	1
-15120	1
-15100	1
-15080	1
-15060	1
-15040	2
-15020	2
-15000	0
-14980	6
-14960	3
-14940	2
-14920	0
-14900	4
-14880	2
-14860	4
-14840	6
-14820	2
-14800	2
-14780	2
-14760	3
-14740	3
-14720	2
-14700	2
-14680	3
-14660	0
-14640	1
-14620	3
-14600	2
-14580	2
-14560	0
-14540	6
-14520	1
-14500	0
-14480	1
-14460	4
-14440	2
-14420	2
-14400	1
-14380	3
-14360	1
-14340	2
-14320	0
-14300	2
-14280	2
-14260	0
-14240	2
-14220	1
-14200	2
-14180	3
-14160	3
-14140	3
-14120	2
-14100	4
-14080	2
-14060	6
-14040	0
-14020	0
-14000	4
-13980	3
-13960	4
-13940	0
-13920	3
-13900	0
-13880	1
-13860	2
-13840	5
-13820	2
-13800	0
-13780	3
-13760	3
-13740	2
-13720	1
-13700	3
-13680	2
-13660	5
-13640	1
-13620	1
-13600	0
-13580	1
-13560	4
-13540	6
-13520	1
-13500	4
-13480	2
-13460	5
-13440	1
-13420	2
-13400	2
-13380	4
-13360	3
-13340	1
-13320	1
-13300	0
-13280	4
-13260	2
-13240	3
-13220	1
-13200	5
-13180	0
-13160	3
-13140	4
-13120	1
-13100	2
-13080	5
-13060	1
-13040	0
-13020	1
-13000	1
-12980	1
-12960	3
-12940	1
-12920	1
-12900	3
-12880	1
-12860	4
-12840	2
-12820	3
-12800	2
-12780	1
-12760	9
-12740	5
-12720	5
-12700	13
-12680	9
-12660	18
-12640	23
-12620	53
-12600	98
-12580	254
-12560	747
-12540	2019
-12520	4698
-12500	7874
-12480	6153
-12460	2006
-12440	405
-12420	88
-12400	18
-12380	17
-12360	15
-12340	27
-12320	39
-12300	19
-12280	4
-12260	3
-12240	2
-12220	2
-12200	3
-12180	2
-12160	0
-12140	1
-12120	3
-12100	2
-12080	1
-12060	0
-12040	1
-12020	2
-12000	1
-11980	0
-11960	1
-11940	3
-11920	1
-11900	2
-11880	0
-11860	1
-11840	1
-11820	2
-11800	1
-11780	0
-11760	1
-11740	4
-11720	4
-11700	3
-11680	7
-11660	14
-11640	11
-11620	13
-11600	1
-11580	0
-11560	2
-11540	4
-11520	0
-11500	1
-11480	1
-11460	1
-11440	2
-11420	0
-11400	1
-11380	2
-11360	2
-11340	1
-11320	1
-11300	1
-11280	2
-11260	3
-11240	1
-11220	1
-11200	4
-11180	0
-11160	0
-11140	2
-11120	5
-11100	5
-11080	6
-11060	4
-11040	5
-11020	4
-11000	1
-10980	0
-10960	0
-10940	2
-10920	1
-10900	1
-10880	0
-10860	2
-10840	1
-10820	2
-10800	3
-10780	0
-10760	1
-10740	0
-10720	1
-10700	0
-10680	0
-10660	1
-10640	1
-10620	0
-10600	1
-10580	0
-10560	2
-10540	2
-10520	2
-10500	1
-10480	4
-10460	1
-10440	0
-10420	1
-10400	1
-10380	1
-10360	0
-10340	1
-10320	1
-10300	0
-10280	0
-10260	1
-10240	3
-10220	1
-10200	3
-10180	0
-10160	1
-10140	0
-10120	1
-10100	4
-10080	1
-10060	3
-10040	0
-10020	0
-10000	0
-9980	1
-9960	2
-9940	1
-9920	2
-9900	1
-9880	1
-9860	0
-9840	0
-9820	2
-9800	0
-9780	0
-9760	1
-9740	3
-9720	2
-9700	2
-9680	3
-9660	3
-9640	1
-9620	1
-9600	0
-9580	0
-9560	0
-9540	1
-9520	0
-9500	2
-9480	1
-9460	1
-9440	1
-9420	1
-9400	0
-9380	0
-9360	0
-9340	0
-9320	0
-9300	2
-9280	1
-9260	1
-9240	1
-9220	1
-9200	2
-9180	2
-9160	1
-9140	2
-9120	0
-9100	2
-9080	2
-9060	2
-9040	0
-9020	3
-9000	3
-8980	1
-8960	1
-8940	2
-8920	0
-8900	3
-8880	2
-8860	1
-8840	1
-8820	0
-8800	0
-8780	2
-8760	1
-8740	2
-8720	3
-8700	1
-8680	1
-8660	0
-8640	2
-8620	0
-8600	0
-8580	2
-8560	1
-8540	5
-8520	2
-8500	5
-8480	7
-8460	3
-8440	0
-8420	1
-8400	1
-8380	1
-8360	1
-8340	4
-8320	1
-8300	2
-8280	1
-8260	3
-8240	0
-8220	1
-8200	2
-8180	2
-8160	1
-8140	1
-8120	2
-8100	0
-8080	2
-8060	0
-8040	2
-8020	0
-8000	3
-7980	2
-7960	1
-7940	0
-7920	1
-7900	1
-7880	1
-7860	1
-7840	1
-7820	1
-7800	1
-7780	3
-7760	1
-7740	1
-7720	4
-7700	2
-7680	5
-7660	6
-7640	2
-7620	1
-7600	1
-7580	2
-7560	1
-7540	1
-7520	1
-7500	3
-7480	3
-7460	3
-7440	1
-7420	3
-7400	6
-7380	7
-7360	4
-7340	3
-7320	4
-7300	3
-7280	3
-7260	2
-7240	1
-7220	2
-7200	3
-7180	3
-7160	0
-7140	4
-7120	0
-7100	0
-7080	5
-7060	1
-7040	1
-7020	2
-7000	1
-6980	0
-6960	2
-6940	2
-6920	2
-6900	2
-6880	1
-6860	1
-6840	0
-6820	3
-6800	1
-6780	0
-6760	0
-6740	0
-6720	2
-6700	2
-6680	1
-6660	1
-6640	2
-6620	2
-6600	1
-6580	2
-6560	0
-6540	1
-6520	2
-6500	1
-6480	1
-6460	3
-6440	0
-6420	2
-6400	1
-6380	0
-6360	3
-6340	2
-6320	2
-6300	1
-6280	1
-6260	3
-6240	0
-6220	3
-6200	1
-6180	1
-6160	2
-6140	1
-6120	0
-6100	1
-6080	0
-6060	2
-6040	2
-6020	0
-6000	1
-5980	2
-5960	2
-5940	6
-5920	0
-5900	0
-5880	0
-5860	0
-5840	1
-5820	2
-5800	2
-5780	2
-5760	1
-5740	2
-5720	1
-5700	2
-5680	1
-5660	2
-5640	1
-5620	2
-5600	1
-5580	5
-5560	0
-5540	2
-5520	2
-5500	1
-5480	1
-5460	4
-5440	2
-5420	1
-5400	0
-5380	1
-5360	0
-5340	1
-5320	0
-5300	1
-5280	0
-5260	3
-5240	1
-5220	1
-5200	2
-5180	1
-5160	0
-5140	1
-5120	0
-5100	1
-5080	2
-5060	2
-5040	2
-5020	0
-5000	1
-4980	2
-4960	2
-4940	1
-4920	1
-4900	1
-4880	1
-4860	1
-4840	2
-4820	1
-4800	2
-4780	1
-4760	0
-4740	2
-4720	2
-4700	1
-4680	1
-4660	2
-4640	2
-4620	1
-4600	1
-4580	0
-4560	1
-4540	4
-4520	0
-4500	0
-4480	1
-4460	1
-4440	1
-4420	2
-4400	1
-4380	0
-4360	0
-4340	0
-4320	2
-4300	2
-4280	3
-4260	1
-4240	4
-4220	0
-4200	4
-4180	1
-4160	1
-4140	3
-4120	3
-4100	1
-4080	1
-4060	3
-4040	5
-4020	4
-4000	1
-3980	1
-3960	4
-3940	2
-3920	2
-3900	1
-3880	1
-3860	3
-3840	3
-3820	2
-3800	6
-3780	1
-3760	1
-3740	0
-3720	1
-3700	0
-3680	0
-3660	3
-3640	2
-3620	1
-3600	2
-3580	1
-3560	2
-3540	0
-3520	3
-3500	3
-3480	2
-3460	0
-3440	2
-3420	4
-3400	3
-3380	1
-3360	2
-3340	2
-3320	3
-3300	3
-3280	5
-3260	10
-3240	12
-3220	22
-3200	26
-3180	16
-3160	6
-3140	3
-3120	1
-3100	0
-3080	1
-3060	3
-3040	2
-3020	1
-3000	2
-2980	0
-2960	1
-2940	3
-2920	3
-2900	1
-2880	1
-2860	3
-2840	1
-2820	0
-2800	1
-2780	2
-2760	0
-2740	2
-2720	1
-2700	2
-2680	1
-2660	1
-2640	1
-2620	1
-2600	0
-2580	3
-2560	1
-2540	1
-2520	3
-2500	0
-2480	0
-2460	3
-2440	1
-2420	1
-2400	1
-2380	1
-2360	2
-2340	0
-2320	1
-2300	0
-2280	1
-2260	0
-2240	0
-2220	1
-2200	1
-2180	0
-2160	1
-2140	0
-2120	1
-2100	1
-2080	1
-2060	1
-2040	2
-2020	1
-2000	3
-1980	1
-1960	1
-1940	0
-1920	1
-1900	2
-1880	2
-1860	2
-1840	1
-1820	6
-1800	3
-1780	3
-1760	3
-1740	1
-1720	2
-1700	1
-1680	3
-1660	4
-1640	4
-1620	2
-1600	2
-1580	0
-1560	1
-1540	3
-1520	1
-1500	2
-1480	2
-1460	3
-1440	2
-1420	0
-1400	4
-1380	1
-1360	1
-1340	0
-1320	0
-1300	3
-1280	2
-1260	0
-1240	1
-1220	1
-1200	1
-1180	3
-1160	1
-1140	3
-1120	0
-1100	6
-1080	1
-1060	2
-1040	1
-1020	1
-1000	3
-980	1
-960	2
-940	1
-920	1
-900	4
-880	1
-860	3
-840	1
-820	1
-800	3
-780	0
-760	1
-740	1
-720	1
-700	0
-680	2
-660	1
-640	3
-620	3
-600	4
-580	1
-560	0
-540	2
-520	1
-500	1
-480	2
-460	1
-440	2
-420	0
-400	2
-380	3
-360	2
-340	3
-320	3
-300	2
-280	3
-260	3
-240	8
-220	5
-200	4
-180	10
-160	22
-140	23
-120	92
-100	291
-80	909
-60	3124
-40	9328
-20	21310
0	18173
20	3245
40	310
60	29
80	20
100	15
120	14
140	32
160	36
180	30
200	14
220	4
240	2
260	0
280	4
300	2
320	3
340	4
360	4
380	0
400	8
420	1
440	4
460	6
480	2
500	2
520	1
540	5
560	4
580	5
600	3
620	3
640	3
660	2
680	3
700	6
720	3
740	1
760	6
780	3
800	9
820	9
840	9
860	6
880	8
900	6
920	3
940	4
960	3
980	6
1000	2
1020	4
1040	8
1060	5
1080	3
1100	5
1120	4
1140	2
1160	4
1180	3
1200	1
1220	3
1240	1
1260	2
1280	2
1300	3
1320	5
1340	7
1360	4
1380	8
1400	6
1420	10
1440	2
1460	6
1480	4
1500	1
1520	5
1540	3
1560	2
1580	3
1600	3
1620	2
1640	2
1660	6
1680	1
1700	4
1720	4
1740	1
1760	3
1780	4
1800	3
1820	5
1840	2
1860	3
1880	0
1900	3
1920	3
1940	4
1960	5
1980	5
2000	4
2020	6
2040	1
2060	2
2080	8
2100	2
2120	0
2140	6
2160	4
2180	5
2200	8
2220	4
2240	4
2260	3
2280	5
2300	4
2320	3
2340	2
2360	2
2380	5
2400	2
2420	2
2440	4
2460	4
2480	3
2500	1
2520	8
2540	2
2560	2
2580	6
2600	3
2620	1
2640	2
2660	1
2680	2
2700	7
2720	4
2740	3
2760	2
2780	2
2800	2
2820	5
2840	4
2860	3
2880	1
2900	4
2920	3
2940	4
2960	2
2980	3
3000	3
3020	3
3040	4
3060	3
3080	5
3100	4
3120	4
3140	7
3160	6
3180	5
3200	4
3220	3
3240	4
3260	3
3280	1
3300	4
3320	3
3340	4
3360	2
3380	2
3400	4
3420	3
3440	5
3460	2
3480	2
3500	2
3520	5
3540	5
3560	3
3580	2
3600	3
3620	3
3640	3
3660	3
3680	5
3700	1
3720	2
3740	5
3760	4
3780	2
3800	4
3820	1
3840	2
3860	4
3880	2
3900	2
3920	5
3940	3
3960	7
3980	7
4000	5
4020	5
4040	6
4060	2
4080	2
4100	1
4120	7
4140	0
4160	7
4180	2
4200	1
4220	5
4240	4
4260	3
4280	2
4300	5
4320	2
4340	4
4360	1
4380	6
4400	3
4420	6
4440	4
4460	6
4480	2
4500	5
4520	1
4540	4
4560	3
4580	3
4600	6
4620	4
4640	5
4660	4
4680	3
4700	5
4720	8
4740	7
4760	1
4780	4
4800	6
4820	5
4840	4
4860	4
4880	3
4900	5
4920	2
4940	3
4960	2
4980	3
5000	1
5020	3
5040	2
5060	3
5080	6
5100	3
5120	1
5140	5
5160	1
5180	2
5200	4
5220	3
5240	1
5260	3
5280	5
5300	3
5320	7
5340	3
5360	4
5380	2
5400	0
5420	1
5440	0
5460	4
5480	2
5500	1
5520	5
5540	4
5560	1
5580	2
5600	4
5620	1
5640	2
5660	2
5680	5
5700	3
5720	5
5740	5
5760	5
5780	3
5800	3
5820	6
5840	5
5860	3
5880	4
5900	3
5920	4
5940	4
5960	2
5980	2
6000	2
6020	2
6040	3
6060	4
6080	4
6100	3
6120	4
6140	1
6160	3
6180	1
6200	3
6220	3
6240	2
6260	3
6280	3
6300	5
6320	2
6340	2
6360	2
6380	5
6400	0
6420	3
6440	1
6460	5
6480	2
6500	1
6520	1
6540	6
6560	3
6580	6
6600	4
6620	2
6640	9
6660	4
6680	3
6700	2
6720	9
6740	4
6760	3
6780	5
6800	1
6820	6
6840	5
6860	2
6880	1
6900	7
6920	4
6940	3
6960	7
6980	6
7000	4
7020	5
7040	5
7060	4
7080	1
7100	4
7120	3
7140	5
7160	4
7180	3
7200	7
7220	1
7240	3
7260	9
7280	2
7300	6
7320	2
7340	5
7360	5
7380	5
7400	5
7420	6
7440	5
7460	3
7480	3
7500	5
7520	3
7540	2
7560	3
7580	3
7600	3
7620	4
7640	3
7660	2
7680	2
7700	4
7720	2
7740	1
7760	0
7780	2
7800	4
7820	6
7840	1
7860	3
7880	2
7900	3
7920	6
7940	3
7960	2
7980	11
8000	4
8020	7
8040	3
8060	5
8080	2
8100	3
8120	1
8140	6
8160	1
8180	1
8200	2
8220	5
8240	7
8260	3
8280	3
8300	2
8320	3
8340	8
8360	5
8380	1
8400	5
8420	2
8440	6
8460	9
8480	2
8500	3
8520	1
8540	9
8560	7
8580	4
8600	4
8620	2
8640	5
8660	7
8680	2
8700	3
8720	7
8740	3
8760	4
8780	6
8800	7
8820	2
8840	3
8860	7
8880	0
8900	6
8920	1
8940	3
8960	3
8980	3
9000	3
9020	3
9040	5
9060	0
9080	4
9100	4
9120	4
9140	11
9160	4
9180	1
9200	5
9220	3
9240	17
9260	26
9280	27
9300	23
9320	7
9340	4
9360	3
9380	1
9400	4
9420	4
9440	2
9460	2
9480	3
9500	0
9520	2
9540	3
9560	5
9580	3
9600	5
9620	5
9640	5
9660	8
9680	4
9700	3
9720	2
9740	4
9760	8
9780	3
9800	2
9820	2
9840	3
9860	3
9880	3
9900	4
9920	10
9940	5
9960	2
9980	2
10000	3
10020	0
10040	4
10060	6
10080	4
10100	4
10120	5
10140	5
10160	2
10180	2
10200	3
10220	2
10240	6
10260	3
10280	7
10300	1
10320	3
10340	6
10360	7
10380	4
10400	6
10420	7
10440	9
10460	1
10480	3
10500	4
10520	10
10540	4
10560	6
10580	3
10600	4
10620	4
10640	6
10660	7
10680	6
10700	7
10720	1
10740	4
10760	2
10780	4
10800	4
10820	1
10840	9
10860	5
10880	3
10900	5
10920	6
10940	4
10960	5
10980	1
11000	5
11020	6
11040	7
11060	4
11080	6
11100	5
11120	2
11140	2
11160	4
11180	3
11200	4
11220	2
11240	5
11260	1
11280	4
11300	5
11320	6
11340	3
11360	5
11380	5
11400	6
11420	6
11440	3
11460	3
11480	6
11500	2
11520	6
11540	8
11560	4
11580	11
11600	12
11620	10
11640	4
11660	1
11680	5
11700	2
11720	8
11740	9
11760	5
11780	5
11800	6
11820	6
11840	1
11860	6
11880	11
11900	10
11920	5
11940	8
11960	1
11980	6
12000	2
12020	2
12040	4
12060	5
12080	8
12100	1
12120	6
12140	5
12160	6
12180	2
12200	5
12220	3
12240	6
12260	12
12280	11
12300	20
12320	29
12340	47
12360	72
12380	168
12400	384
12420	1172
12440	2962
12460	6305
12480	7963
12500	3985
12520	1049
12540	189
12560	48
12580	14
12600	12
12620	14
12640	17
12660	17
12680	9
12700	7
12720	10
12740	6
12760	5
12780	4
12800	7
12820	3
12840	6
12860	4
12880	6
12900	4
12920	4
12940	2
12960	4
12980	3
13000	4
13020	4
13040	0
13060	2
13080	2
13100	4
13120	1
13140	3
13160	5
13180	3
13200	5
13220	1
13240	6
13260	7
13280	5
13300	7
13320	9
13340	10
13360	7
13380	6
13400	5
13420	3
13440	3
13460	1
13480	0
13500	2
13520	1
13540	5
13560	1
13580	1
13600	3
13620	3
13640	8
13660	3
13680	2
13700	2
13720	4
13740	3
13760	5
13780	1
13800	2
13820	5
13840	4
13860	9
13880	6
13900	10
13920	3
13940	3
13960	6
13980	0
14000	4
14020	7
14040	4
14060	4
14080	3
14100	1
14120	6
14140	3
14160	5
14180	5
14200	6
14220	4
14240	2
14260	5
14280	2
14300	3
14320	3
14340	2
14360	1
14380	3
14400	4
14420	3
14440	3
14460	3
14480	3
14500	6
14520	2
14540	4
14560	2
14580	6
14600	3
14620	5
14640	3
14660	7
14680	1
14700	2
14720	8
14740	2
14760	0
14780	3
14800	2
14820	4
14840	4
14860	3
14880	1
14900	1
14920	1
14940	5
14960	3
14980	3
15000	3
15020	3
15040	3
15060	1
15080	2
15100	1
15120	4
15140	3
15160	4
15180	2
15200	3
15220	2
15240	2
15260	6
15280	4
15300	5
15320	2
15340	7
15360	6
15380	1
15400	3
15420	1
15440	3
15460	3
15480	3
15500	1
15520	4
15540	2
15560	5
15580	5
15600	7
15620	4
15640	6
15660	2
15680	2
15700	6
15720	2
15740	2
15760	6
15780	7
15800	1
15820	7
15840	5
15860	4
15880	6
15900	2
15920	0
15940	5
15960	4
15980	1
16000	2
16020	4
16040	5
16060	5
16080	0
16100	3
16120	2
16140	1
16160	3
16180	2
16200	1
16220	4
16240	6
16260	4
16280	1
16300	4
16320	4
16340	0
16360	1
16380	2
16400	0
16420	3
16440	6
16460	8
16480	7
16500	6
16520	6
16540	3
16560	3
16580	2
16600	2
16620	1
16640	3
16660	4
16680	3
16700	3
16720	4
16740	2
16760	6
16780	3
16800	3
16820	3
16840	2
16860	3
16880	7
16900	1
16920	7
16940	4
16960	5
16980	4
17000	0
17020	2
17040	5
17060	6
17080	3
17100	7
17120	2
17140	5
17160	0
17180	6
17200	1
17220	2
17240	6
17260	2
17280	6
17300	9
17320	3
17340	6
17360	6
17380	3
17400	3
17420	5
17440	6
17460	3
17480	3
17500	6
17520	2
17540	4
17560	8
17580	11
17600	3
17620	2
17640	2
17660	3
17680	5
17700	6
17720	4
17740	2
17760	4
17780	3
17800	1
17820	3
17840	3
17860	2
17880	0
17900	2
17920	4
17940	3
17960	1
17980	5
18000	5
18020	3
18040	4
18060	3
18080	5
18100	4
18120	2
18140	1
18160	1
18180	1
18200	6
18220	3
18240	5
18260	4
18280	3
18300	3
18320	2
18340	7
18360	4
18380	3
18400	0
18420	1
18440	3
18460	4
18480	3
18500	2
18520	2
18540	7
18560	4
18580	2
18600	4
18620	3
18640	5
18660	3
18680	2
18700	3
18720	3
18740	4
18760	4
18780	5
18800	3
18820	3
18840	2
18860	3
18880	1
18900	3
18920	2
18940	2
18960	6
18980	4
19000	4
19020	3
19040	5
19060	2
19080	6
19100	4
19120	1
19140	4
19160	3
19180	2
19200	4
19220	7
19240	3
19260	2
19280	1
19300	7
19320	4
19340	5
19360	4
19380	4
19400	2
19420	1
19440	3
19460	2
19480	4
19500	4
19520	5
19540	7
19560	3
19580	5
19600	6
19620	3
19640	2
19660	2
19680	4
19700	6
19720	1
19740	4
19760	3
19780	2
19800	3
19820	4
19840	7
19860	3
19880	3
19900	1
19920	4
19940	2
19960	5
19980	3
