"Time differences (ps)"	"Counts per bin"
-20000	2
-19980	3
-19960	1
-19940	1
-19920	3
-19900	5
-19880	2
-19860	5
-19840	2
-19820	2
-19800	1
-19780	1
-19760	3
-19740	2
-19720	1
-19700	2
-19680	1
-19660	0
-19640	2
-19620	1
-19600	1
-19580	3
-19560	0
-19540	1
-19520	0
-19500	0
-19480	2
-19460	1
-19440	4
-19420	1
-19400	0
-19380	1
-19360	4
-19340	3
-19320	1
-19300	2
-19280	1
-19260	3
-19240	0
-19220	1
-19200	1
-19180	2
-19160	2
-19140	0
-19120	2
-19100	1
-19080	1
-19060	0
-19040	2
-19020	0
-19000	1
-18980	3
-18960	1
-18940	2
-18920	1
-18900	1
-18880	2
-18860	3
-18840	3
-18820	0
-18800	2
-18780	2
-18760	1
-18740	1
-18720	1
-18700	1
-18680	2
-18660	2
-18640	2
-18620	0
-18600	1
-18580	2
-18560	1
-18540	1
-18520	1
-18500	2
-18480	1
-18460	5
-18440	1
-18420	3
-18400	1
-18380	2
-18360	1
-18340	1
-18320	2
-18300	1
-18280	0
-18260	0
-18240	4
-18220	0
-18200	3
-18180	1
-18160	1
-18140	0
-18120	2
-18100	3
-18080	0
-18060	2
-18040	3
-18020	3
-18000	3
-17980	2
-17960	4
-17940	1
-17920	3
-17900	4
-17880	0
-17860	2
-17840	3
-17820	1
-17800	1
-17780	4
-17760	2
-17740	4
-17720	1
-17700	1
-17680	1
-17660	2
-17640	1
-17620	1
-17600	1
-17580	3
-17560	1
-17540	2
-17520	2
-17500	0
-17480	1
-17460	3
-17440	1
-17420	1
-17400	3
-17380	0
-17360	1
-17340	3
-17320	1
-17300	3
-17280	0
-17260	1
-17240	1
-17220	4
-17200	1
-17180	4
-17160	2
-17140	1
-17120	3
-17100	0
-17080	2
-17060	1
-17040	2
-17020	2
-17000	4
-16980	0
-16960	1
-16940	1
-16920	3
-16900	4
-16880	1
-16860	3
-16840	0
-16820	3
-16800	1
-16780	2
-16760	1
-16740	1
-16720	0
-16700	3
-16680	1
-16660	2
-16640	3
-16620	0
-16600	1
-16580	2
-16560	2
-16540	3
-16520	4
-16500	9
-16480	2
-16460	3
-16440	1
-16420	1
-16400	2
-16380	2
-16360	3
-16340	3
-16320	1
-16300	1
-16280	3
-16260	4
-16240	2
-16220	3
-16200	1
-16180	1
-16160	1
-16140	2
-16120	2
-16100	2
-16080	0
-16060	0
-16040	2
-16020	2
-16000	1
-15980	3
-15960	1
-15940	1
-15920	1
-15900	3
-15880	4
-15860	4
-15840	1
-15820	2
-15800	2
-15780	4
-15760	8
-15740	11
-15720	24
-15700	21
-15680	28
-15660	18
-15640	3
-15620	5
-15600	4
-15580	2
-15560	0
-15540	0
-15520	1
-15500	1
-15480	2
-15460	6
-15440	2
-15420	1
-15400	4
-15380	3
-15360	2
-15340	1
-15320	0
-15300	3
-15280	1
-15260	3
-15240	3
-15220	4
-15200	5
-15180	4
-15160	1
-15140	4
-15120	4
-15100	3
-15080	2
-15060	1
-15040	4
-15020	1
-15000	2
-14980	1
-14960	2
-14940	3
-14920	0
-14900	3
-14880	4
-14860	1
-14840	5
-14820	1
-14800	1
-14780	3
-14760	1
-14740	3
-14720	6
-14700	2
-14680	8
-14660	5
-14640	3
-14620	2
-14600	1
-14580	3
-14560	2
-14540	4
-14520	0
-14500	3
-14480	3
-14460	4
-14440	1
-14420	6
-14400	2
-14380	2
-14360	5
-14340	0
-14320	1
-14300	5
-14280	1
-14260	2
-14240	2
-14220	1
-14200	5
-14180	3
-14160	3
-14140	3
-14120	2
-14100	0
-14080	3
-14060	1
-14040	4
-14020	2
-14000	3
-13980	2
-13960	1
-13940	2
-13920	1
-13900	2
-13880	3
-13860	4
-13840	5
-13820	2
-13800	3
-13780	2
-13760	3
-13740	2
-13720	1
-13700	0
-13680	2
-13660	4
-13640	4
-13620	2
-13600	5
-13580	5
-13560	1
-13540	3
-13520	4
-13500	4
-13480	2
-13460	2
-13440	1
-13420	6
-13400	3
-13380	2
-13360	3
-13340	3
-13320	1
-13300	1
-13280	1
-13260	2
-13240	3
-13220	3
-13200	5
-13180	4
-13160	5
-13140	1
-13120	4
-13100	1
-13080	5
-13060	4
-13040	0
-13020	1
-13000	2
-12980	2
-12960	3
-12940	4
-12920	2
-12900	8
-12880	3
-12860	3
-12840	3
-12820	6
-12800	7
-12780	2
-12760	2
-12740	4
-12720	7
-12700	8
-12680	25
-12660	17
-12640	28
-12620	54
-12600	109
-12580	300
-12560	891
-12540	2292
-12520	5474
-12500	8807
-12480	6517
-12460	1980
-12440	392
-12420	89
-12400	16
-12380	6
-12360	4
-12340	2
-12320	2
-12300	3
-12280	1
-12260	1
-12240	0
-12220	1
-12200	1
-12180	1
-12160	1
-12140	2
-12120	1
-12100	0
-12080	0
-12060	1
-12040	4
-12020	1
-12000	1
-11980	0
-11960	3
-11940	0
-11920	1
-11900	1
-11880	0
-11860	0
-11840	1
-11820	0
-11800	0
-11780	0
-11760	3
-11740	1
-11720	2
-11700	1
-11680	3
-11660	5
-11640	5
-11620	5
-11600	1
-11580	2
-11560	1
-11540	1
-11520	0
-11500	2
-11480	1
-11460	1
-11440	0
-11420	2
-11400	0
-11380	0
-11360	3
-11340	2
-11320	2
-11300	1
-11280	1
-11260	0
-11240	3
-11220	0
-11200	1
-11180	3
-11160	2
-11140	0
-11120	5
-11100	7
-11080	6
-11060	7
-11040	4
-11020	1
-11000	3
-10980	0
-10960	1
-10940	1
-10920	2
-10900	3
-10880	0
-10860	1
-10840	1
-10820	2
-10800	1
-10780	1
-10760	1
-10740	0
-10720	1
-10700	3
-10680	0
-10660	0
-10640	4
-10620	1
-10600	1
-10580	1
-10560	0
-10540	1
-10520	0
-10500	0
-10480	2
-10460	2
-10440	1
-10420	0
-10400	1
-10380	1
-10360	3
-10340	0
-10320	0
-10300	3
-10280	1
-10260	0
-10240	1
-10220	3
-10200	2
-10180	3
-10160	0
-10140	3
-10120	1
-10100	2
-10080	0
-10060	2
-10040	0
-10020	1
-10000	2
-9980	1
-9960	0
-9940	2
-9920	3
-9900	1
-9880	1
-9860	1
-9840	0
-9820	1
-9800	1
-9780	0
-9760	1
-9740	3
-9720	0
-9700	3
-9680	2
-9660	1
-9640	0
-9620	0
-9600	0
-9580	1
-9560	3
-9540	0
-9520	2
-9500	2
-9480	1
-9460	0
-9440	1
-9420	1
-9400	2
-9380	1
-9360	1
-9340	1
-9320	0
-9300	0
-9280	1
-9260	2
-9240	1
-9220	0
-9200	2
-9180	1
-9160	1
-9140	2
-9120	2
-9100	2
-9080	0
-9060	4
-9040	0
-9020	0
-9000	0
-8980	0
-8960	1
-8940	1
-8920	3
-8900	4
-8880	3
-8860	0
-8840	0
-8820	1
-8800	1
-8780	1
-8760	3
-8740	1
-8720	1
-8700	1
-8680	1
-8660	1
-8640	2
-8620	2
-8600	2
-8580	1
-8560	1
-8540	0
-8520	4
-8500	4
-8480	7
-8460	4
-8440	4
-8420	2
-8400	0
-8380	1
-8360	0
-8340	2
-8320	0
-8300	1
-8280	2
-8260	1
-8240	0
-8220	2
-8200	4
-8180	2
-8160	2
-8140	2
-8120	3
-8100	2
-8080	1
-8060	1
-8040	0
-8020	1
-8000	0
-7980	0
-7960	1
-7940	1
-7920	1
-7900	2
-7880	1
-7860	1
-7840	1
-7820	0
-7800	3
-7780	2
-7760	2
-7740	2
-7720	2
-7700	3
-7680	4
-7660	2
-7640	4
-7620	3
-7600	1
-7580	1
-7560	1
-7540	0
-7520	0
-7500	2
-7480	0
-7460	2
-7440	1
-7420	2
-7400	3
-7380	2
-7360	1
-7340	2
-7320	4
-7300	0
-7280	1
-7260	2
-7240	1
-7220	3
-7200	1
-7180	2
-7160	2
-7140	1
-7120	2
-7100	0
-7080	3
-7060	0
-7040	0
-7020	1
-7000	1
-6980	4
-6960	0
-6940	1
-6920	0
-6900	2
-6880	1
-6860	1
-6840	0
-6820	0
-6800	0
-6780	1
-6760	1
-6740	2
-6720	0
-6700	1
-6680	3
-6660	0
-6640	0
-6620	0
-6600	2
-6580	2
-6560	0
-6540	1
-6520	1
-6500	4
-6480	1
-6460	1
-6440	1
-6420	0
-6400	1
-6380	3
-6360	0
-6340	0
-6320	1
-6300	1
-6280	2
-6260	3
-6240	1
-6220	1
-6200	3
-6180	1
-6160	0
-6140	0
-6120	2
-6100	1
-6080	4
-6060	1
-6040	2
-6020	3
-6000	3
-5980	1
-5960	1
-5940	1
-5920	1
-5900	3
-5880	1
-5860	2
-5840	2
-5820	2
-5800	0
-5780	3
-5760	0
-5740	1
-5720	2
-5700	2
-5680	2
-5660	1
-5640	1
-5620	2
-5600	2
-5580	3
-5560	1
-5540	2
-5520	2
-5500	5
-5480	0
-5460	2
-5440	4
-5420	2
-5400	1
-5380	0
-5360	2
-5340	1
-5320	1
-5300	1
-5280	2
-5260	6
-5240	1
-5220	2
-5200	1
-5180	3
-5160	2
-5140	1
-5120	0
-5100	1
-5080	0
-5060	0
-5040	0
-5020	0
-5000	0
-4980	2
-4960	1
-4940	1
-4920	0
-4900	2
-4880	1
-4860	1
-4840	0
-4820	2
-4800	1
-4780	1
-4760	2
-4740	2
-4720	3
-4700	0
-4680	1
-4660	0
-4640	1
-4620	2
-4600	1
-4580	1
-4560	3
-4540	0
-4520	0
-4500	2
-4480	0
-4460	1
-4440	0
-4420	2
-4400	2
-4380	1
-4360	0
-4340	2
-4320	2
-4300	0
-4280	3
-4260	2
-4240	0
-4220	0
-4200	3
-4180	0
-4160	1
-4140	2
-4120	1
-4100	0
-4080	4
-4060	2
-4040	1
-4020	8
-4000	4
-3980	0
-3960	4
-3940	0
-3920	2
-3900	1
-3880	2
-3860	1
-3840	2
-3820	1
-3800	2
-3780	2
-3760	2
-3740	0
-3720	2
-3700	3
-3680	2
-3660	2
-3640	0
-3620	1
-3600	2
-3580	4
-3560	3
-3540	2
-3520	0
-3500	4
-3480	1
-3460	3
-3440	0
-3420	2
-3400	4
-3380	2
-3360	3
-3340	1
-3320	0
-3300	3
-3280	5
-3260	4
-3240	6
-3220	30
-3200	28
-3180	11
-3160	6
-3140	4
-3120	2
-3100	2
-3080	0
-3060	2
-3040	2
-3020	3
-3000	3
-2980	1
-2960	3
-2940	0
-2920	2
-2900	2
-2880	1
-2860	2
-2840	2
-2820	0
-2800	1
-2780	3
-2760	3
-2740	0
-2720	2
-2700	2
-2680	2
-2660	2
-2640	2
-2620	1
-2600	5
-2580	1
-2560	2
-2540	2
-2520	3
-2500	1
-2480	2
-2460	0
-2440	2
-2420	2
-2400	2
-2380	3
-2360	3
-2340	4
-2320	4
-2300	1
-2280	0
-2260	1
-2240	2
-2220	2
-2200	3
-2180	2
-2160	1
-2140	1
-2120	1
-2100	2
-2080	0
-2060	2
-2040	3
-2020	3
-2000	2
-1980	2
-1960	2
-1940	1
-1920	2
-1900	0
-1880	0
-1860	0
-1840	3
-1820	2
-1800	2
-1780	1
-1760	0
-1740	3
-1720	3
-1700	1
-1680	2
-1660	0
-1640	2
-1620	3
-1600	1
-1580	1
-1560	0
-1540	2
-1520	0
-1500	1
-1480	1
-1460	2
-1440	2
-1420	0
-1400	0
-1380	0
-1360	1
-1340	5
-1320	2
-1300	0
-1280	2
-1260	1
-1240	3
-1220	4
-1200	1
-1180	3
-1160	2
-1140	3
-1120	2
-1100	3
-1080	0
-1060	0
-1040	1
-1020	3
-1000	3
-980	5
-960	1
-940	4
-920	5
-900	5
-880	4
-860	0
-840	6
-820	2
-800	4
-780	3
-760	1
-740	0
-720	1
-700	1
-680	1
-660	2
-640	1
-620	3
-600	6
-580	3
-560	0
-540	2
-520	4
-500	2
-480	1
-460	4
-440	5
-420	3
-400	0
-380	2
-360	3
-340	3
-320	2
-300	3
-280	2
-260	5
-240	5
-220	11
-200	11
-180	27
-160	23
-140	50
-120	72
-100	103
-80	132
-60	165
-40	226
-20	525
0	601
20	164
40	62
60	17
80	9
100	7
120	5
140	6
160	8
180	7
200	6
220	3
240	5
260	2
280	4
300	5
320	3
340	3
360	9
380	4
400	3
420	5
440	2
460	6
480	1
500	5
520	0
540	1
560	3
580	2
600	7
620	2
640	4
660	8
680	6
700	5
720	1
740	4
760	4
780	10
800	8
820	8
840	7
860	4
880	7
900	4
920	0
940	0
960	2
980	4
1000	1
1020	5
1040	7
1060	2
1080	7
1100	5
1120	3
1140	3
1160	5
1180	3
1200	3
1220	3
1240	1
1260	8
1280	4
1300	4
1320	4
1340	4
1360	3
1380	5
1400	9
1420	11
1440	8
1460	3
1480	3
1500	2
1520	4
1540	2
1560	0
1580	8
1600	6
1620	4
1640	5
1660	7
1680	1
1700	5
1720	5
1740	1
1760	4
1780	5
1800	8
1820	3
1840	1
1860	4
1880	1
1900	4
1920	8
1940	2
1960	2
1980	2
2000	5
2020	3
2040	5
2060	3
2080	2
2100	6
2120	6
2140	4
2160	0
2180	6
2200	3
2220	4
2240	5
2260	4
2280	5
2300	4
2320	1
2340	2
2360	5
2380	3
2400	7
2420	3
2440	4
2460	4
2480	0
2500	13
2520	2
2540	6
2560	5
2580	3
2600	4
2620	3
2640	4
2660	9
2680	10
2700	1
2720	3
2740	2
2760	2
2780	1
2800	3
2820	3
2840	5
2860	7
2880	4
2900	1
2920	5
2940	5
2960	5
2980	2
3000	1
3020	5
3040	3
3060	3
3080	4
3100	5
3120	7
3140	2
3160	3
3180	5
3200	5
3220	5
3240	9
3260	7
3280	2
3300	3
3320	0
3340	3
3360	1
3380	4
3400	5
3420	3
3440	2
3460	1
3480	7
3500	6
3520	1
3540	3
3560	4
3580	5
3600	4
3620	4
3640	1
3660	4
3680	4
3700	1
3720	0
3740	2
3760	3
3780	2
3800	7
3820	5
3840	5
3860	4
3880	7
3900	3
3920	7
3940	7
3960	0
3980	5
4000	5
4020	5
4040	1
4060	5
4080	3
4100	3
4120	2
4140	9
4160	5
4180	3
4200	6
4220	1
4240	2
4260	2
4280	5
4300	8
4320	0
4340	2
4360	4
4380	3
4400	4
4420	5
4440	1
4460	5
4480	5
4500	4
4520	2
4540	6
4560	7
4580	5
4600	3
4620	5
4640	3
4660	5
4680	4
4700	4
4720	5
4740	3
4760	6
4780	3
4800	5
4820	7
4840	4
4860	10
4880	3
4900	6
4920	4
4940	7
4960	2
4980	4
5000	6
5020	6
5040	3
5060	3
5080	10
5100	12
5120	5
5140	1
5160	2
5180	5
5200	5
5220	3
5240	10
5260	4
5280	5
5300	3
5320	3
5340	3
5360	0
5380	4
5400	5
5420	5
5440	5
5460	2
5480	3
5500	2
5520	5
5540	3
5560	3
5580	5
5600	2
5620	2
5640	3
5660	8
5680	3
5700	5
5720	2
5740	4
5760	6
5780	3
5800	4
5820	6
5840	5
5860	2
5880	0
5900	1
5920	7
5940	5
5960	6
5980	3
6000	2
6020	4
6040	3
6060	4
6080	3
6100	1
6120	5
6140	1
6160	6
6180	7
6200	5
6220	1
6240	3
6260	6
6280	10
6300	3
6320	1
6340	4
6360	3
6380	6
6400	1
6420	2
6440	4
6460	4
6480	3
6500	5
6520	6
6540	3
6560	10
6580	3
6600	2
6620	5
6640	5
6660	0
6680	3
6700	3
6720	3
6740	7
6760	3
6780	3
6800	7
6820	4
6840	3
6860	5
6880	8
6900	5
6920	9
6940	3
6960	6
6980	1
7000	3
7020	4
7040	4
7060	4
7080	3
7100	4
7120	2
7140	6
7160	4
7180	5
7200	2
7220	5
7240	1
7260	6
7280	2
7300	4
7320	3
7340	8
7360	5
7380	3
7400	1
7420	2
7440	1
7460	2
7480	5
7500	7
7520	2
7540	4
7560	2
7580	5
7600	0
7620	4
7640	5
7660	6
7680	2
7700	9
7720	8
7740	1
7760	7
7780	0
7800	3
7820	5
7840	0
7860	1
7880	3
7900	4
7920	4
7940	8
7960	5
7980	3
8000	3
8020	4
8040	4
8060	2
8080	5
8100	4
8120	2
8140	4
8160	5
8180	5
8200	2
8220	3
8240	2
8260	7
8280	10
8300	7
8320	1
8340	3
8360	3
8380	1
8400	1
8420	5
8440	10
8460	5
8480	5
8500	3
8520	0
8540	4
8560	4
8580	5
8600	7
8620	4
8640	2
8660	4
8680	2
8700	4
8720	2
8740	6
8760	4
8780	3
8800	0
8820	3
8840	4
8860	7
8880	3
8900	1
8920	1
8940	6
8960	4
8980	2
9000	0
9020	5
9040	6
9060	5
9080	9
9100	4
9120	4
9140	7
9160	6
9180	10
9200	2
9220	16
9240	12
9260	24
9280	32
9300	24
9320	17
9340	5
9360	6
9380	8
9400	2
9420	3
9440	1
9460	3
9480	2
9500	2
9520	2
9540	3
9560	5
9580	5
9600	4
9620	6
9640	2
9660	4
9680	0
9700	3
9720	1
9740	5
9760	4
9780	5
9800	5
9820	4
9840	4
9860	6
9880	4
9900	3
9920	3
9940	4
9960	5
9980	6
10000	1
10020	5
10040	7
10060	3
10080	4
10100	5
10120	8
10140	1
10160	3
10180	3
10200	6
10220	6
10240	3
10260	2
10280	8
10300	10
10320	2
10340	5
10360	8
10380	7
10400	3
10420	3
10440	6
10460	5
10480	3
10500	4
10520	6
10540	6
10560	4
10580	5
10600	1
10620	7
10640	6
10660	6
10680	4
10700	3
10720	4
10740	6
10760	6
10780	5
10800	3
10820	1
10840	1
10860	5
10880	7
10900	6
10920	4
10940	2
10960	5
10980	8
11000	6
11020	2
11040	4
11060	3
11080	3
11100	5
11120	5
11140	3
11160	5
11180	6
11200	6
11220	4
11240	3
11260	2
11280	3
11300	2
11320	6
11340	6
11360	5
11380	6
11400	5
11420	2
11440	6
11460	6
11480	5
11500	7
11520	8
11540	8
11560	5
11580	6
11600	3
11620	7
11640	6
11660	7
11680	4
11700	6
11720	5
11740	1
11760	4
11780	4
11800	8
11820	5
11840	8
11860	6
11880	7
11900	3
11920	7
11940	4
11960	5
11980	7
12000	8
12020	2
12040	2
12060	6
12080	5
12100	4
12120	3
12140	7
12160	6
12180	3
12200	7
12220	14
12240	7
12260	12
12280	14
12300	19
12320	23
12340	49
12360	83
12380	201
12400	506
12420	1349
12440	3533
12460	7351
12480	8753
12500	4194
12520	995
12540	209
12560	49
12580	25
12600	17
12620	11
12640	16
12660	18
12680	19
12700	6
12720	3
12740	4
12760	6
12780	6
12800	5
12820	5
12840	3
12860	4
12880	9
12900	4
12920	8
12940	2
12960	1
12980	1
13000	3
13020	7
13040	3
13060	3
13080	5
13100	1
13120	4
13140	1
13160	2
13180	1
13200	5
13220	1
13240	3
13260	5
13280	13
13300	10
13320	12
13340	10
13360	9
13380	5
13400	2
13420	4
13440	5
13460	4
13480	4
13500	2
13520	6
13540	4
13560	4
13580	4
13600	1
13620	5
13640	10
13660	5
13680	4
13700	1
13720	4
13740	4
13760	1
13780	5
13800	4
13820	1
13840	4
13860	9
13880	4
13900	9
13920	4
13940	4
13960	1
13980	3
14000	5
14020	3
14040	5
14060	4
14080	4
14100	3
14120	3
14140	4
14160	5
14180	6
14200	5
14220	1
14240	5
14260	5
14280	3
14300	1
14320	2
14340	1
14360	2
14380	3
14400	3
14420	6
14440	2
14460	4
14480	2
14500	1
14520	2
14540	5
14560	6
14580	2
14600	2
14620	3
14640	1
14660	4
14680	5
14700	1
14720	5
14740	3
14760	3
14780	1
14800	5
14820	4
14840	0
14860	3
14880	4
14900	5
14920	2
14940	1
14960	4
14980	7
15000	1
15020	5
15040	3
15060	2
15080	4
15100	5
15120	1
15140	4
15160	4
15180	4
15200	3
15220	3
15240	6
15260	2
15280	5
15300	3
15320	1
15340	5
15360	3
15380	6
15400	5
15420	1
15440	2
15460	5
15480	1
15500	5
15520	5
15540	5
15560	7
15580	3
15600	4
15620	2
15640	5
15660	4
15680	5
15700	3
15720	4
15740	4
15760	7
15780	3
15800	4
15820	5
15840	3
15860	2
15880	0
15900	3
15920	0
15940	4
15960	3
15980	4
16000	7
16020	2
16040	3
16060	4
16080	1
16100	3
16120	2
16140	5
16160	6
16180	2
16200	3
16220	1
16240	4
16260	4
16280	6
16300	4
16320	1
16340	1
16360	2
16380	3
16400	3
16420	7
16440	4
16460	6
16480	6
16500	7
16520	7
16540	4
16560	3
16580	0
16600	0
16620	7
16640	6
16660	5
16680	2
16700	1
16720	2
16740	4
16760	3
16780	1
16800	3
16820	3
16840	5
16860	3
16880	6
16900	6
16920	7
16940	5
16960	5
16980	0
17000	9
17020	1
17040	2
17060	3
17080	7
17100	5
17120	2
17140	5
17160	4
17180	6
17200	3
17220	2
17240	2
17260	4
17280	3
17300	5
17320	8
17340	7
17360	4
17380	6
17400	0
17420	4
17440	5
17460	4
17480	6
17500	4
17520	2
17540	4
17560	0
17580	4
17600	6
17620	3
17640	2
17660	2
17680	3
17700	3
17720	4
17740	8
17760	7
17780	5
17800	7
17820	1
17840	7
17860	6
17880	6
17900	3
17920	3
17940	5
17960	8
17980	2
18000	5
18020	2
18040	9
18060	2
18080	2
18100	3
18120	2
18140	4
18160	5
18180	5
18200	0
18220	4
18240	3
18260	1
18280	2
18300	2
18320	5
18340	5
18360	3
18380	2
18400	4
18420	2
18440	2
18460	1
18480	3
18500	5
18520	4
18540	2
18560	3
18580	9
18600	4
18620	1
18640	6
18660	4
18680	3
18700	3
18720	3
18740	2
18760	6
18780	3
18800	3
18820	4
18840	3
18860	4
18880	8
18900	3
18920	2
18940	1
18960	1
18980	6
19000	4
19020	4
19040	3
19060	2
19080	3
19100	4
19120	1
19140	1
19160	4
19180	3
19200	2
19220	4
19240	8
19260	3
19280	3
19300	5
19320	6
19340	6
19360	8
19380	8
19400	5
19420	5
19440	7
19460	5
19480	5
19500	6
19520	3
19540	5
19560	7
19580	8
19600	5
19620	6
19640	5
19660	5
19680	5
19700	4
19720	3
19740	2
19760	3
19780	6
19800	2
19820	3
19840	4
19860	6
19880	3
19900	2
19920	1
19940	2
19960	1
19980	5
