"Time differences (ps)"	"Counts per bin"
-20000	2
-19980	3
-19960	3
-19940	2
-19920	3
-19900	5
-19880	3
-19860	4
-19840	4
-19820	0
-19800	1
-19780	2
-19760	0
-19740	1
-19720	0
-19700	0
-19680	3
-19660	0
-19640	0
-19620	3
-19600	3
-19580	1
-19560	1
-19540	1
-19520	1
-19500	0
-19480	0
-19460	0
-19440	1
-19420	2
-19400	1
-19380	1
-19360	1
-19340	3
-19320	1
-19300	2
-19280	4
-19260	1
-19240	0
-19220	1
-19200	2
-19180	1
-19160	1
-19140	0
-19120	1
-19100	2
-19080	2
-19060	0
-19040	0
-19020	3
-19000	2
-18980	4
-18960	1
-18940	1
-18920	1
-18900	2
-18880	3
-18860	2
-18840	0
-18820	0
-18800	1
-18780	2
-18760	1
-18740	1
-18720	1
-18700	3
-18680	2
-18660	4
-18640	3
-18620	4
-18600	2
-18580	1
-18560	1
-18540	1
-18520	1
-18500	4
-18480	1
-18460	2
-18440	0
-18420	1
-18400	0
-18380	0
-18360	0
-18340	4
-18320	1
-18300	2
-18280	1
-18260	1
-18240	2
-18220	3
-18200	1
-18180	0
-18160	0
-18140	3
-18120	0
-18100	2
-18080	2
-18060	1
-18040	3
-18020	0
-18000	0
-17980	0
-17960	2
-17940	0
-17920	2
-17900	6
-17880	5
-17860	0
-17840	4
-17820	2
-17800	3
-17780	3
-17760	1
-17740	5
-17720	2
-17700	2
-17680	1
-17660	2
-17640	1
-17620	5
-17600	0
-17580	4
-17560	1
-17540	0
-17520	2
-17500	4
-17480	2
-17460	1
-17440	2
-17420	2
-17400	3
-17380	2
-17360	1
-17340	1
-17320	2
-17300	2
-17280	1
-17260	0
-17240	1
-17220	5
-17200	1
-17180	3
-17160	2
-17140	0
-17120	4
-17100	2
-17080	5
-17060	0
-17040	0
-17020	4
-17000	3
-16980	0
-16960	0
-16940	2
-16920	4
-16900	1
-16880	1
-16860	0
-16840	2
-16820	4
-16800	1
-16780	2
-16760	1
-16740	3
-16720	1
-16700	1
-16680	3
-16660	4
-16640	1
-16620	2
-16600	0
-16580	3
-16560	4
-16540	1
-16520	5
-16500	10
-16480	4
-16460	1
-16440	2
-16420	2
-16400	2
-16380	5
-16360	4
-16340	1
-16320	1
-16300	3
-16280	1
-16260	1
-16240	2
-16220	4
-16200	1
-16180	3
-16160	1
-16140	3
-16120	1
-16100	1
-16080	2
-16060	2
-16040	3
-16020	5
-16000	0
-15980	0
-15960	3
-15940	2
-15920	3
-15900	6
-15880	2
-15860	1
-15840	3
-15820	4
-15800	3
-15780	1
-15760	10
-15740	7
-15720	17
-15700	30
-15680	21
-15660	13
-15640	3
-15620	4
-15600	5
-15580	0
-15560	1
-15540	4
-15520	2
-15500	1
-15480	0
-15460	1
-15440	2
-15420	3
-15400	2
-15380	4
-15360	4
-15340	3
-15320	2
-15300	4
-15280	2
-15260	4
-15240	1
-15220	3
-15200	1
-15180	5
-15160	1
-15140	0
-15120	4
-15100	5
-15080	3
-15060	6
-15040	3
-15020	1
-15000	1
-14980	2
-14960	1
-14940	3
-14920	2
-14900	1
-14880	1
-14860	2
-14840	1
-14820	1
-14800	2
-14780	1
-14760	3
-14740	5
-14720	2
-14700	1
-14680	1
-14660	0
-14640	3
-14620	0
-14600	2
-14580	4
-14560	2
-14540	1
-14520	1
-14500	2
-14480	2
-14460	0
-14440	2
-14420	2
-14400	1
-14380	2
-14360	2
-14340	2
-14320	7
-14300	4
-14280	1
-14260	2
-14240	1
-14220	3
-14200	2
-14180	0
-14160	4
-14140	0
-14120	5
-14100	2
-14080	1
-14060	1
-14040	2
-14020	3
-14000	2
-13980	5
-13960	1
-13940	1
-13920	4
-13900	4
-13880	2
-13860	3
-13840	3
-13820	1
-13800	2
-13780	4
-13760	1
-13740	5
-13720	3
-13700	2
-13680	4
-13660	2
-13640	4
-13620	2
-13600	3
-13580	2
-13560	1
-13540	1
-13520	4
-13500	0
-13480	4
-13460	2
-13440	3
-13420	5
-13400	5
-13380	3
-13360	3
-13340	3
-13320	2
-13300	1
-13280	6
-13260	4
-13240	3
-13220	3
-13200	5
-13180	2
-13160	4
-13140	2
-13120	4
-13100	5
-13080	1
-13060	1
-13040	1
-13020	1
-13000	3
-12980	2
-12960	2
-12940	4
-12920	6
-12900	3
-12880	5
-12860	1
-12840	1
-12820	3
-12800	6
-12780	5
-12760	9
-12740	7
-12720	10
-12700	10
-12680	21
-12660	33
-12640	57
-12620	96
-12600	235
-12580	486
-12560	1167
-12540	2538
-12520	5083
-12500	7312
-12480	5318
-12460	1597
-12440	321
-12420	77
-12400	14
-12380	15
-12360	7
-12340	21
-12320	19
-12300	13
-12280	7
-12260	1
-12240	3
-12220	2
-12200	0
-12180	0
-12160	1
-12140	1
-12120	1
-12100	0
-12080	0
-12060	1
-12040	2
-12020	0
-12000	1
-11980	1
-11960	0
-11940	1
-11920	2
-11900	1
-11880	2
-11860	1
-11840	2
-11820	1
-11800	2
-11780	0
-11760	2
-11740	1
-11720	3
-11700	3
-11680	11
-11660	16
-11640	16
-11620	18
-11600	2
-11580	1
-11560	1
-11540	2
-11520	0
-11500	2
-11480	2
-11460	1
-11440	2
-11420	3
-11400	1
-11380	1
-11360	2
-11340	2
-11320	3
-11300	2
-11280	4
-11260	0
-11240	0
-11220	1
-11200	1
-11180	1
-11160	4
-11140	2
-11120	6
-11100	6
-11080	7
-11060	4
-11040	3
-11020	0
-11000	1
-10980	1
-10960	0
-10940	4
-10920	2
-10900	1
-10880	2
-10860	1
-10840	1
-10820	1
-10800	1
-10780	0
-10760	0
-10740	3
-10720	2
-10700	1
-10680	1
-10660	2
-10640	2
-10620	0
-10600	0
-10580	2
-10560	3
-10540	1
-10520	1
-10500	0
-10480	1
-10460	2
-10440	0
-10420	2
-10400	2
-10380	1
-10360	0
-10340	4
-10320	0
-10300	3
-10280	1
-10260	3
-10240	1
-10220	0
-10200	2
-10180	1
-10160	0
-10140	4
-10120	0
-10100	0
-10080	2
-10060	1
-10040	0
-10020	1
-10000	4
-9980	0
-9960	2
-9940	1
-9920	2
-9900	2
-9880	0
-9860	1
-9840	2
-9820	3
-9800	0
-9780	4
-9760	0
-9740	1
-9720	0
-9700	3
-9680	2
-9660	1
-9640	3
-9620	0
-9600	1
-9580	1
-9560	3
-9540	4
-9520	2
-9500	0
-9480	3
-9460	2
-9440	2
-9420	0
-9400	3
-9380	3
-9360	2
-9340	2
-9320	2
-9300	0
-9280	3
-9260	3
-9240	2
-9220	2
-9200	0
-9180	1
-9160	3
-9140	0
-9120	1
-9100	2
-9080	1
-9060	0
-9040	0
-9020	0
-9000	2
-8980	0
-8960	1
-8940	2
-8920	0
-8900	4
-8880	0
-8860	3
-8840	2
-8820	1
-8800	2
-8780	2
-8760	2
-8740	1
-8720	2
-8700	0
-8680	0
-8660	2
-8640	2
-8620	1
-8600	0
-8580	1
-8560	1
-8540	5
-8520	4
-8500	6
-8480	8
-8460	4
-8440	2
-8420	1
-8400	1
-8380	0
-8360	2
-8340	3
-8320	3
-8300	1
-8280	3
-8260	0
-8240	0
-8220	1
-8200	2
-8180	0
-8160	1
-8140	1
-8120	0
-8100	0
-8080	0
-8060	1
-8040	0
-8020	4
-8000	2
-7980	2
-7960	1
-7940	1
-7920	1
-7900	1
-7880	2
-7860	0
-7840	2
-7820	3
-7800	1
-7780	3
-7760	4
-7740	0
-7720	0
-7700	1
-7680	3
-7660	2
-7640	5
-7620	3
-7600	3
-7580	2
-7560	0
-7540	4
-7520	4
-7500	0
-7480	0
-7460	0
-7440	1
-7420	5
-7400	6
-7380	5
-7360	1
-7340	2
-7320	0
-7300	2
-7280	0
-7260	1
-7240	4
-7220	0
-7200	0
-7180	2
-7160	1
-7140	1
-7120	0
-7100	0
-7080	0
-7060	1
-7040	1
-7020	0
-7000	2
-6980	1
-6960	1
-6940	1
-6920	2
-6900	0
-6880	1
-6860	2
-6840	1
-6820	3
-6800	4
-6780	3
-6760	0
-6740	1
-6720	4
-6700	6
-6680	0
-6660	0
-6640	0
-6620	2
-6600	1
-6580	2
-6560	0
-6540	1
-6520	0
-6500	0
-6480	0
-6460	1
-6440	0
-6420	0
-6400	1
-6380	2
-6360	3
-6340	2
-6320	1
-6300	3
-6280	0
-6260	1
-6240	2
-6220	0
-6200	2
-6180	0
-6160	2
-6140	3
-6120	1
-6100	0
-6080	3
-6060	1
-6040	1
-6020	1
-6000	3
-5980	2
-5960	3
-5940	0
-5920	0
-5900	0
-5880	2
-5860	1
-5840	1
-5820	2
-5800	2
-5780	1
-5760	0
-5740	3
-5720	0
-5700	0
-5680	0
-5660	2
-5640	0
-5620	4
-5600	0
-5580	0
-5560	0
-5540	0
-5520	0
-5500	0
-5480	3
-5460	0
-5440	1
-5420	3
-5400	1
-5380	4
-5360	2
-5340	1
-5320	0
-5300	1
-5280	0
-5260	1
-5240	0
-5220	1
-5200	3
-5180	3
-5160	1
-5140	2
-5120	1
-5100	1
-5080	1
-5060	0
-5040	3
-5020	3
-5000	4
-4980	1
-4960	0
-4940	1
-4920	0
-4900	1
-4880	2
-4860	3
-4840	3
-4820	2
-4800	0
-4780	1
-4760	1
-4740	1
-4720	4
-4700	1
-4680	2
-4660	1
-4640	0
-4620	3
-4600	0
-4580	0
-4560	2
-4540	2
-4520	2
-4500	1
-4480	0
-4460	1
-4440	0
-4420	1
-4400	3
-4380	0
-4360	3
-4340	1
-4320	1
-4300	2
-4280	1
-4260	1
-4240	4
-4220	0
-4200	1
-4180	3
-4160	2
-4140	1
-4120	2
-4100	2
-4080	2
-4060	5
-4040	5
-4020	4
-4000	3
-3980	3
-3960	1
-3940	2
-3920	0
-3900	0
-3880	3
-3860	0
-3840	1
-3820	0
-3800	0
-3780	2
-3760	1
-3740	0
-3720	1
-3700	2
-3680	1
-3660	3
-3640	1
-3620	0
-3600	0
-3580	2
-3560	2
-3540	3
-3520	0
-3500	2
-3480	4
-3460	0
-3440	0
-3420	2
-3400	3
-3380	5
-3360	2
-3340	3
-3320	2
-3300	4
-3280	0
-3260	9
-3240	21
-3220	22
-3200	27
-3180	12
-3160	5
-3140	2
-3120	1
-3100	3
-3080	1
-3060	2
-3040	2
-3020	1
-3000	1
-2980	2
-2960	2
-2940	0
-2920	2
-2900	1
-2880	2
-2860	1
-2840	3
-2820	2
-2800	0
-2780	1
-2760	4
-2740	1
-2720	1
-2700	1
-2680	0
-2660	3
-2640	2
-2620	0
-2600	5
-2580	2
-2560	0
-2540	0
-2520	3
-2500	4
-2480	3
-2460	3
-2440	1
-2420	0
-2400	1
-2380	0
-2360	1
-2340	2
-2320	1
-2300	0
-2280	3
-2260	2
-2240	0
-2220	1
-2200	2
-2180	2
-2160	1
-2140	2
-2120	0
-2100	2
-2080	1
-2060	0
-2040	2
-2020	0
-2000	3
-1980	3
-1960	1
-1940	1
-1920	2
-1900	1
-1880	2
-1860	0
-1840	1
-1820	2
-1800	2
-1780	4
-1760	2
-1740	1
-1720	1
-1700	1
-1680	1
-1660	0
-1640	1
-1620	1
-1600	4
-1580	1
-1560	0
-1540	3
-1520	2
-1500	2
-1480	2
-1460	3
-1440	1
-1420	0
-1400	2
-1380	0
-1360	0
-1340	2
-1320	1
-1300	1
-1280	1
-1260	2
-1240	2
-1220	2
-1200	1
-1180	1
-1160	2
-1140	1
-1120	2
-1100	0
-1080	1
-1060	4
-1040	0
-1020	2
-1000	2
-980	3
-960	1
-940	3
-920	2
-900	1
-880	1
-860	2
-840	1
-820	2
-800	4
-780	4
-760	2
-740	2
-720	0
-700	4
-680	1
-660	2
-640	0
-620	2
-600	1
-580	1
-560	1
-540	1
-520	1
-500	4
-480	5
-460	0
-440	0
-420	4
-400	0
-380	1
-360	4
-340	0
-320	2
-300	1
-280	2
-260	7
-240	5
-220	5
-200	6
-180	10
-160	21
-140	42
-120	113
-100	297
-80	725
-60	2301
-40	6063
-20	12870
0	10610
20	1847
40	147
60	27
80	12
100	10
120	14
140	11
160	25
180	15
200	9
220	3
240	1
260	1
280	4
300	2
320	3
340	6
360	1
380	2
400	2
420	3
440	4
460	1
480	4
500	6
520	2
540	3
560	6
580	1
600	4
620	0
640	5
660	4
680	6
700	5
720	1
740	3
760	6
780	10
800	8
820	9
840	12
860	7
880	11
900	5
920	3
940	2
960	0
980	2
1000	5
1020	2
1040	5
1060	2
1080	4
1100	5
1120	4
1140	6
1160	2
1180	2
1200	4
1220	4
1240	2
1260	2
1280	1
1300	2
1320	2
1340	5
1360	7
1380	10
1400	8
1420	6
1440	3
1460	2
1480	2
1500	4
1520	3
1540	0
1560	1
1580	6
1600	5
1620	2
1640	2
1660	6
1680	5
1700	1
1720	5
1740	1
1760	3
1780	0
1800	3
1820	2
1840	1
1860	1
1880	1
1900	3
1920	4
1940	3
1960	3
1980	4
2000	2
2020	1
2040	5
2060	1
2080	4
2100	0
2120	1
2140	1
2160	4
2180	1
2200	3
2220	4
2240	5
2260	10
2280	2
2300	2
2320	1
2340	6
2360	3
2380	4
2400	6
2420	2
2440	4
2460	3
2480	5
2500	7
2520	5
2540	6
2560	4
2580	5
2600	5
2620	2
2640	3
2660	5
2680	3
2700	3
2720	2
2740	1
2760	2
2780	4
2800	5
2820	0
2840	5
2860	6
2880	5
2900	4
2920	7
2940	1
2960	5
2980	1
3000	2
3020	6
3040	1
3060	0
3080	3
3100	4
3120	2
3140	2
3160	7
3180	6
3200	1
3220	3
3240	2
3260	3
3280	5
3300	5
3320	3
3340	0
3360	7
3380	1
3400	3
3420	0
3440	5
3460	2
3480	5
3500	3
3520	3
3540	5
3560	4
3580	5
3600	7
3620	2
3640	1
3660	0
3680	1
3700	4
3720	1
3740	3
3760	0
3780	2
3800	4
3820	5
3840	2
3860	2
3880	2
3900	6
3920	8
3940	10
3960	6
3980	3
4000	7
4020	12
4040	4
4060	4
4080	5
4100	3
4120	5
4140	8
4160	2
4180	1
4200	1
4220	4
4240	5
4260	0
4280	5
4300	5
4320	4
4340	3
4360	3
4380	8
4400	6
4420	4
4440	3
4460	1
4480	2
4500	0
4520	3
4540	6
4560	0
4580	2
4600	7
4620	3
4640	3
4660	5
4680	2
4700	3
4720	3
4740	3
4760	8
4780	7
4800	6
4820	4
4840	7
4860	3
4880	6
4900	4
4920	5
4940	5
4960	4
4980	2
5000	5
5020	11
5040	2
5060	3
5080	10
5100	9
5120	1
5140	3
5160	4
5180	4
5200	5
5220	1
5240	3
5260	1
5280	0
5300	6
5320	3
5340	3
5360	4
5380	5
5400	4
5420	4
5440	1
5460	7
5480	8
5500	4
5520	2
5540	2
5560	5
5580	4
5600	7
5620	7
5640	2
5660	3
5680	3
5700	3
5720	2
5740	3
5760	2
5780	3
5800	4
5820	2
5840	2
5860	4
5880	5
5900	2
5920	6
5940	6
5960	5
5980	4
6000	4
6020	2
6040	4
6060	3
6080	5
6100	3
6120	4
6140	2
6160	1
6180	8
6200	2
6220	4
6240	6
6260	2
6280	4
6300	2
6320	3
6340	1
6360	4
6380	2
6400	6
6420	4
6440	3
6460	1
6480	3
6500	7
6520	5
6540	5
6560	4
6580	2
6600	3
6620	1
6640	3
6660	8
6680	3
6700	2
6720	2
6740	2
6760	5
6780	0
6800	8
6820	1
6840	6
6860	4
6880	7
6900	5
6920	5
6940	5
6960	5
6980	3
7000	2
7020	3
7040	1
7060	7
7080	1
7100	3
7120	7
7140	2
7160	4
7180	5
7200	2
7220	6
7240	5
7260	2
7280	3
7300	2
7320	2
7340	4
7360	6
7380	6
7400	4
7420	3
7440	3
7460	5
7480	1
7500	2
7520	6
7540	0
7560	5
7580	4
7600	4
7620	4
7640	5
7660	6
7680	5
7700	7
7720	3
7740	3
7760	6
7780	4
7800	1
7820	4
7840	4
7860	3
7880	4
7900	1
7920	2
7940	4
7960	4
7980	5
8000	5
8020	1
8040	3
8060	2
8080	3
8100	5
8120	2
8140	4
8160	5
8180	3
8200	4
8220	6
8240	4
8260	2
8280	5
8300	0
8320	5
8340	5
8360	2
8380	5
8400	5
8420	3
8440	9
8460	6
8480	6
8500	2
8520	3
8540	5
8560	4
8580	5
8600	3
8620	3
8640	5
8660	2
8680	1
8700	2
8720	1
8740	4
8760	1
8780	3
8800	7
8820	5
8840	5
8860	6
8880	5
8900	10
8920	0
8940	3
8960	5
8980	6
9000	2
9020	3
9040	6
9060	4
9080	4
9100	3
9120	7
9140	11
9160	4
9180	5
9200	6
9220	16
9240	14
9260	29
9280	26
9300	28
9320	5
9340	2
9360	2
9380	5
9400	4
9420	3
9440	7
9460	5
9480	2
9500	2
9520	5
9540	2
9560	1
9580	4
9600	2
9620	6
9640	5
9660	7
9680	2
9700	6
9720	4
9740	4
9760	5
9780	7
9800	2
9820	2
9840	4
9860	7
9880	1
9900	5
9920	4
9940	4
9960	5
9980	8
10000	3
10020	2
10040	3
10060	4
10080	2
10100	3
10120	1
10140	6
10160	11
10180	6
10200	4
10220	5
10240	9
10260	5
10280	5
10300	6
10320	4
10340	6
10360	4
10380	1
10400	5
10420	2
10440	5
10460	3
10480	3
10500	3
10520	0
10540	2
10560	10
10580	4
10600	1
10620	4
10640	3
10660	7
10680	4
10700	6
10720	6
10740	7
10760	2
10780	2
10800	1
10820	8
10840	5
10860	4
10880	6
10900	6
10920	2
10940	1
10960	1
10980	3
11000	5
11020	6
11040	2
11060	6
11080	3
11100	7
11120	4
11140	2
11160	4
11180	4
11200	2
11220	8
11240	3
11260	7
11280	1
11300	5
11320	5
11340	6
11360	9
11380	1
11400	3
11420	4
11440	6
11460	7
11480	4
11500	6
11520	3
11540	4
11560	4
11580	5
11600	3
11620	6
11640	3
11660	3
11680	5
11700	7
11720	3
11740	3
11760	2
11780	3
11800	2
11820	5
11840	6
11860	5
11880	4
11900	5
11920	1
11940	2
11960	6
11980	9
12000	7
12020	7
12040	3
12060	4
12080	4
12100	6
12120	5
12140	7
12160	4
12180	6
12200	11
12220	4
12240	8
12260	14
12280	14
12300	24
12320	41
12340	89
12360	123
12380	334
12400	733
12420	1659
12440	3516
12460	6450
12480	7188
12500	3492
12520	833
12540	167
12560	44
12580	10
12600	11
12620	17
12640	18
12660	17
12680	12
12700	4
12720	5
12740	5
12760	1
12780	4
12800	1
12820	4
12840	5
12860	6
12880	1
12900	3
12920	3
12940	2
12960	3
12980	6
13000	4
13020	2
13040	8
13060	2
13080	1
13100	5
13120	7
13140	3
13160	4
13180	1
13200	1
13220	1
13240	2
13260	4
13280	6
13300	7
13320	5
13340	6
13360	9
13380	3
13400	1
13420	1
13440	1
13460	2
13480	1
13500	5
13520	2
13540	2
13560	2
13580	2
13600	3
13620	4
13640	2
13660	8
13680	1
13700	2
13720	4
13740	1
13760	5
13780	3
13800	1
13820	3
13840	3
13860	3
13880	9
13900	7
13920	6
13940	3
13960	3
13980	4
14000	2
14020	5
14040	1
14060	2
14080	2
14100	4
14120	2
14140	2
14160	5
14180	5
14200	1
14220	5
14240	4
14260	2
14280	4
14300	2
14320	2
14340	6
14360	0
14380	7
14400	6
14420	2
14440	2
14460	2
14480	3
14500	4
14520	3
14540	3
14560	5
14580	4
14600	2
14620	2
14640	2
14660	1
14680	2
14700	1
14720	5
14740	3
14760	2
14780	2
14800	2
14820	3
14840	2
14860	1
14880	1
14900	2
14920	2
14940	5
14960	1
14980	3
15000	5
15020	2
15040	2
15060	3
15080	7
15100	4
15120	6
15140	4
15160	1
15180	3
15200	2
15220	3
15240	2
15260	4
15280	4
15300	8
15320	3
15340	2
15360	1
15380	3
15400	1
15420	4
15440	2
15460	1
15480	1
15500	4
15520	5
15540	4
15560	2
15580	2
15600	9
15620	2
15640	3
15660	3
15680	2
15700	2
15720	6
15740	5
15760	2
15780	2
15800	4
15820	0
15840	3
15860	1
15880	2
15900	2
15920	1
15940	3
15960	2
15980	4
16000	4
16020	1
16040	1
16060	3
16080	3
16100	3
16120	5
16140	0
16160	3
16180	3
16200	2
16220	4
16240	7
16260	3
16280	3
16300	1
16320	2
16340	4
16360	0
16380	0
16400	4
16420	2
16440	7
16460	8
16480	4
16500	5
16520	5
16540	2
16560	6
16580	3
16600	3
16620	4
16640	5
16660	4
16680	6
16700	4
16720	4
16740	5
16760	2
16780	4
16800	3
16820	5
16840	6
16860	3
16880	1
16900	2
16920	6
16940	1
16960	0
16980	2
17000	0
17020	3
17040	3
17060	2
17080	2
17100	3
17120	3
17140	5
17160	2
17180	1
17200	3
17220	6
17240	2
17260	8
17280	4
17300	5
17320	5
17340	8
17360	5
17380	4
17400	2
17420	2
17440	0
17460	3
17480	5
17500	2
17520	6
17540	2
17560	3
17580	3
17600	6
17620	4
17640	1
17660	4
17680	0
17700	3
17720	3
17740	7
17760	7
17780	6
17800	2
17820	2
17840	2
17860	5
17880	2
17900	2
17920	1
17940	3
17960	4
17980	9
18000	2
18020	2
18040	0
18060	8
18080	5
18100	0
18120	1
18140	2
18160	2
18180	3
18200	3
18220	5
18240	3
18260	5
18280	2
18300	3
18320	3
18340	5
18360	2
18380	1
18400	2
18420	1
18440	2
18460	2
18480	2
18500	1
18520	3
18540	4
18560	2
18580	3
18600	4
18620	6
18640	2
18660	3
18680	2
18700	3
18720	5
18740	4
18760	6
18780	3
18800	0
18820	7
18840	2
18860	2
18880	4
18900	5
18920	3
18940	6
18960	6
18980	6
19000	3
19020	0
19040	2
19060	4
19080	4
19100	3
19120	3
19140	4
19160	3
19180	0
19200	4
19220	7
19240	2
19260	2
19280	5
19300	4
19320	4
19340	4
19360	4
19380	4
19400	4
19420	3
19440	1
19460	3
19480	7
19500	6
19520	1
19540	2
19560	5
19580	6
19600	5
19620	3
19640	2
19660	4
19680	3
19700	6
19720	12
19740	0
19760	1
19780	4
19800	4
19820	2
19840	2
19860	4
19880	4
19900	2
19920	5
19940	1
19960	4
19980	4
