"Time differences (ps)"	"Counts per bin"
-20000	2
-19980	0
-19960	3
-19940	1
-19920	0
-19900	5
-19880	5
-19860	3
-19840	3
-19820	1
-19800	1
-19780	1
-19760	1
-19740	2
-19720	1
-19700	0
-19680	0
-19660	2
-19640	0
-19620	1
-19600	1
-19580	1
-19560	1
-19540	5
-19520	2
-19500	0
-19480	1
-19460	1
-19440	2
-19420	3
-19400	1
-19380	0
-19360	2
-19340	2
-19320	1
-19300	2
-19280	2
-19260	1
-19240	3
-19220	4
-19200	1
-19180	1
-19160	1
-19140	2
-19120	2
-19100	3
-19080	1
-19060	1
-19040	4
-19020	1
-19000	1
-18980	0
-18960	0
-18940	2
-18920	3
-18900	0
-18880	0
-18860	3
-18840	2
-18820	1
-18800	5
-18780	3
-18760	0
-18740	3
-18720	1
-18700	3
-18680	3
-18660	0
-18640	0
-18620	2
-18600	1
-18580	1
-18560	1
-18540	1
-18520	4
-18500	2
-18480	3
-18460	2
-18440	1
-18420	2
-18400	2
-18380	2
-18360	4
-18340	1
-18320	3
-18300	2
-18280	2
-18260	2
-18240	3
-18220	1
-18200	1
-18180	2
-18160	4
-18140	2
-18120	0
-18100	1
-18080	1
-18060	0
-18040	0
-18020	1
-18000	3
-17980	2
-17960	3
-17940	3
-17920	0
-17900	1
-17880	1
-17860	3
-17840	2
-17820	0
-17800	1
-17780	3
-17760	1
-17740	1
-17720	1
-17700	0
-17680	2
-17660	2
-17640	1
-17620	1
-17600	1
-17580	5
-17560	2
-17540	0
-17520	1
-17500	0
-17480	2
-17460	2
-17440	2
-17420	3
-17400	4
-17380	3
-17360	1
-17340	1
-17320	0
-17300	1
-17280	3
-17260	2
-17240	3
-17220	4
-17200	2
-17180	1
-17160	2
-17140	2
-17120	2
-17100	3
-17080	1
-17060	5
-17040	1
-17020	3
-17000	2
-16980	4
-16960	0
-16940	1
-16920	2
-16900	3
-16880	0
-16860	1
-16840	3
-16820	1
-16800	3
-16780	2
-16760	2
-16740	2
-16720	1
-16700	1
-16680	0
-16660	0
-16640	0
-16620	0
-16600	1
-16580	5
-16560	3
-16540	1
-16520	8
-16500	4
-16480	1
-16460	1
-16440	6
-16420	2
-16400	3
-16380	2
-16360	0
-16340	2
-16320	1
-16300	2
-16280	2
-16260	1
-16240	0
-16220	0
-16200	1
-16180	0
-16160	0
-16140	1
-16120	4
-16100	3
-16080	3
-16060	0
-16040	0
-16020	3
-16000	0
-15980	1
-15960	0
-15940	3
-15920	2
-15900	6
-15880	7
-15860	5
-15840	4
-15820	5
-15800	4
-15780	2
-15760	3
-15740	6
-15720	14
-15700	27
-15680	24
-15660	16
-15640	5
-15620	3
-15600	1
-15580	1
-15560	2
-15540	2
-15520	4
-15500	2
-15480	4
-15460	0
-15440	3
-15420	1
-15400	0
-15380	3
-15360	4
-15340	4
-15320	2
-15300	6
-15280	5
-15260	3
-15240	0
-15220	2
-15200	3
-15180	1
-15160	2
-15140	2
-15120	2
-15100	2
-15080	2
-15060	2
-15040	2
-15020	0
-15000	5
-14980	0
-14960	0
-14940	0
-14920	3
-14900	2
-14880	2
-14860	6
-14840	4
-14820	2
-14800	2
-14780	2
-14760	3
-14740	4
-14720	3
-14700	3
-14680	1
-14660	1
-14640	2
-14620	2
-14600	2
-14580	4
-14560	2
-14540	4
-14520	2
-14500	4
-14480	2
-14460	2
-14440	0
-14420	6
-14400	4
-14380	3
-14360	1
-14340	1
-14320	2
-14300	2
-14280	1
-14260	1
-14240	3
-14220	2
-14200	4
-14180	2
-14160	2
-14140	3
-14120	9
-14100	2
-14080	1
-14060	3
-14040	3
-14020	4
-14000	2
-13980	2
-13960	2
-13940	0
-13920	2
-13900	4
-13880	3
-13860	4
-13840	4
-13820	6
-13800	3
-13780	2
-13760	3
-13740	3
-13720	2
-13700	1
-13680	2
-13660	4
-13640	2
-13620	2
-13600	2
-13580	7
-13560	1
-13540	1
-13520	3
-13500	1
-13480	0
-13460	2
-13440	6
-13420	1
-13400	3
-13380	3
-13360	8
-13340	2
-13320	4
-13300	1
-13280	1
-13260	1
-13240	2
-13220	6
-13200	5
-13180	3
-13160	6
-13140	3
-13120	5
-13100	2
-13080	1
-13060	1
-13040	2
-13020	1
-13000	4
-12980	4
-12960	1
-12940	0
-12920	4
-12900	4
-12880	2
-12860	2
-12840	6
-12820	4
-12800	2
-12780	2
-12760	2
-12740	9
-12720	8
-12700	9
-12680	22
-12660	18
-12640	58
-12620	111
-12600	249
-12580	557
-12560	1311
-12540	2861
-12520	5545
-12500	8106
-12480	5524
-12460	1599
-12440	344
-12420	70
-12400	19
-12380	15
-12360	29
-12340	29
-12320	34
-12300	19
-12280	5
-12260	4
-12240	1
-12220	2
-12200	1
-12180	0
-12160	2
-12140	1
-12120	0
-12100	0
-12080	1
-12060	2
-12040	1
-12020	3
-12000	0
-11980	1
-11960	1
-11940	0
-11920	1
-11900	1
-11880	0
-11860	0
-11840	2
-11820	0
-11800	1
-11780	3
-11760	1
-11740	6
-11720	5
-11700	7
-11680	10
-11660	10
-11640	14
-11620	15
-11600	4
-11580	1
-11560	3
-11540	1
-11520	0
-11500	2
-11480	1
-11460	0
-11440	1
-11420	0
-11400	2
-11380	1
-11360	0
-11340	2
-11320	2
-11300	1
-11280	0
-11260	0
-11240	0
-11220	1
-11200	1
-11180	1
-11160	1
-11140	3
-11120	3
-11100	5
-11080	7
-11060	1
-11040	3
-11020	3
-11000	3
-10980	1
-10960	1
-10940	1
-10920	2
-10900	1
-10880	1
-10860	3
-10840	4
-10820	3
-10800	0
-10780	0
-10760	1
-10740	3
-10720	2
-10700	1
-10680	2
-10660	1
-10640	1
-10620	3
-10600	0
-10580	2
-10560	1
-10540	4
-10520	4
-10500	0
-10480	0
-10460	1
-10440	2
-10420	2
-10400	1
-10380	1
-10360	1
-10340	0
-10320	2
-10300	3
-10280	2
-10260	3
-10240	3
-10220	2
-10200	1
-10180	2
-10160	1
-10140	0
-10120	1
-10100	2
-10080	2
-10060	0
-10040	2
-10020	4
-10000	3
-9980	0
-9960	2
-9940	2
-9920	1
-9900	1
-9880	1
-9860	2
-9840	2
-9820	0
-9800	2
-9780	0
-9760	1
-9740	1
-9720	0
-9700	1
-9680	1
-9660	1
-9640	1
-9620	3
-9600	2
-9580	0
-9560	0
-9540	3
-9520	2
-9500	1
-9480	1
-9460	2
-9440	0
-9420	2
-9400	0
-9380	3
-9360	0
-9340	1
-9320	1
-9300	0
-9280	1
-9260	3
-9240	1
-9220	1
-9200	0
-9180	1
-9160	1
-9140	0
-9120	2
-9100	0
-9080	1
-9060	1
-9040	2
-9020	0
-9000	2
-8980	0
-8960	0
-8940	1
-8920	3
-8900	1
-8880	0
-8860	1
-8840	0
-8820	1
-8800	4
-8780	1
-8760	1
-8740	0
-8720	1
-8700	2
-8680	2
-8660	1
-8640	0
-8620	3
-8600	3
-8580	0
-8560	1
-8540	3
-8520	4
-8500	1
-8480	7
-8460	4
-8440	2
-8420	4
-8400	3
-8380	1
-8360	1
-8340	1
-8320	2
-8300	5
-8280	2
-8260	1
-8240	0
-8220	4
-8200	1
-8180	2
-8160	2
-8140	0
-8120	4
-8100	1
-8080	1
-8060	0
-8040	1
-8020	2
-8000	1
-7980	2
-7960	2
-7940	0
-7920	2
-7900	2
-7880	2
-7860	2
-7840	0
-7820	0
-7800	4
-7780	0
-7760	2
-7740	3
-7720	2
-7700	0
-7680	3
-7660	5
-7640	6
-7620	2
-7600	2
-7580	4
-7560	1
-7540	1
-7520	0
-7500	3
-7480	1
-7460	2
-7440	2
-7420	4
-7400	5
-7380	12
-7360	3
-7340	1
-7320	2
-7300	1
-7280	2
-7260	1
-7240	2
-7220	0
-7200	3
-7180	0
-7160	0
-7140	2
-7120	0
-7100	1
-7080	2
-7060	2
-7040	1
-7020	1
-7000	2
-6980	1
-6960	1
-6940	0
-6920	1
-6900	0
-6880	0
-6860	0
-6840	1
-6820	0
-6800	1
-6780	1
-6760	2
-6740	1
-6720	0
-6700	2
-6680	0
-6660	2
-6640	0
-6620	2
-6600	1
-6580	1
-6560	1
-6540	0
-6520	0
-6500	3
-6480	0
-6460	1
-6440	1
-6420	0
-6400	0
-6380	3
-6360	2
-6340	1
-6320	0
-6300	2
-6280	2
-6260	0
-6240	2
-6220	1
-6200	0
-6180	2
-6160	1
-6140	2
-6120	1
-6100	0
-6080	0
-6060	0
-6040	1
-6020	0
-6000	2
-5980	2
-5960	1
-5940	1
-5920	4
-5900	0
-5880	0
-5860	2
-5840	1
-5820	1
-5800	1
-5780	3
-5760	1
-5740	0
-5720	1
-5700	1
-5680	1
-5660	1
-5640	5
-5620	3
-5600	2
-5580	0
-5560	1
-5540	2
-5520	4
-5500	2
-5480	0
-5460	0
-5440	1
-5420	2
-5400	1
-5380	0
-5360	0
-5340	1
-5320	2
-5300	1
-5280	2
-5260	0
-5240	1
-5220	1
-5200	0
-5180	1
-5160	2
-5140	3
-5120	2
-5100	1
-5080	2
-5060	0
-5040	1
-5020	0
-5000	1
-4980	0
-4960	1
-4940	1
-4920	3
-4900	2
-4880	3
-4860	3
-4840	0
-4820	1
-4800	0
-4780	1
-4760	6
-4740	0
-4720	2
-4700	2
-4680	2
-4660	1
-4640	0
-4620	1
-4600	2
-4580	1
-4560	2
-4540	0
-4520	1
-4500	0
-4480	1
-4460	1
-4440	2
-4420	2
-4400	1
-4380	2
-4360	2
-4340	0
-4320	0
-4300	2
-4280	1
-4260	1
-4240	0
-4220	2
-4200	1
-4180	3
-4160	3
-4140	1
-4120	0
-4100	1
-4080	3
-4060	4
-4040	3
-4020	3
-4000	2
-3980	1
-3960	3
-3940	1
-3920	1
-3900	4
-3880	4
-3860	0
-3840	3
-3820	0
-3800	0
-3780	2
-3760	0
-3740	2
-3720	0
-3700	2
-3680	2
-3660	2
-3640	2
-3620	2
-3600	1
-3580	3
-3560	2
-3540	1
-3520	1
-3500	0
-3480	3
-3460	3
-3440	2
-3420	2
-3400	3
-3380	0
-3360	5
-3340	1
-3320	3
-3300	1
-3280	7
-3260	8
-3240	14
-3220	30
-3200	26
-3180	11
-3160	4
-3140	4
-3120	1
-3100	2
-3080	2
-3060	2
-3040	5
-3020	2
-3000	1
-2980	2
-2960	1
-2940	2
-2920	0
-2900	1
-2880	1
-2860	2
-2840	2
-2820	2
-2800	1
-2780	0
-2760	1
-2740	3
-2720	2
-2700	1
-2680	0
-2660	0
-2640	2
-2620	2
-2600	5
-2580	1
-2560	1
-2540	1
-2520	4
-2500	1
-2480	3
-2460	1
-2440	1
-2420	1
-2400	1
-2380	1
-2360	4
-2340	0
-2320	0
-2300	1
-2280	3
-2260	1
-2240	2
-2220	0
-2200	0
-2180	2
-2160	3
-2140	2
-2120	2
-2100	3
-2080	3
-2060	1
-2040	2
-2020	0
-2000	1
-1980	2
-1960	1
-1940	0
-1920	2
-1900	2
-1880	4
-1860	2
-1840	1
-1820	3
-1800	5
-1780	3
-1760	3
-1740	2
-1720	2
-1700	2
-1680	4
-1660	1
-1640	1
-1620	0
-1600	1
-1580	2
-1560	0
-1540	1
-1520	0
-1500	2
-1480	3
-1460	5
-1440	4
-1420	1
-1400	0
-1380	1
-1360	3
-1340	2
-1320	1
-1300	0
-1280	2
-1260	1
-1240	5
-1220	4
-1200	3
-1180	1
-1160	1
-1140	1
-1120	2
-1100	2
-1080	2
-1060	0
-1040	1
-1020	1
-1000	0
-980	4
-960	4
-940	0
-920	3
-900	2
-880	6
-860	4
-840	4
-820	4
-800	3
-780	1
-760	0
-740	1
-720	0
-700	2
-680	3
-660	3
-640	0
-620	2
-600	1
-580	0
-560	3
-540	2
-520	2
-500	1
-480	1
-460	0
-440	2
-420	1
-400	4
-380	4
-360	1
-340	3
-320	2
-300	5
-280	5
-260	8
-240	11
-220	14
-200	18
-180	36
-160	58
-140	131
-120	363
-100	842
-80	2111
-60	5239
-40	11785
-20	21891
0	16843
20	2788
40	235
60	34
80	13
100	9
120	21
140	21
160	32
180	33
200	7
220	4
240	2
260	5
280	4
300	6
320	6
340	3
360	4
380	3
400	7
420	0
440	3
460	4
480	1
500	2
520	4
540	3
560	4
580	3
600	7
620	2
640	4
660	6
680	4
700	2
720	7
740	6
760	9
780	10
800	4
820	8
840	10
860	11
880	8
900	7
920	2
940	2
960	3
980	4
1000	7
1020	1
1040	1
1060	3
1080	4
1100	6
1120	2
1140	6
1160	7
1180	3
1200	10
1220	3
1240	3
1260	2
1280	1
1300	4
1320	6
1340	3
1360	6
1380	9
1400	10
1420	5
1440	1
1460	3
1480	4
1500	4
1520	4
1540	5
1560	4
1580	4
1600	7
1620	5
1640	4
1660	6
1680	1
1700	2
1720	2
1740	3
1760	2
1780	1
1800	8
1820	7
1840	2
1860	2
1880	3
1900	2
1920	3
1940	6
1960	3
1980	6
2000	3
2020	3
2040	4
2060	6
2080	2
2100	5
2120	6
2140	2
2160	7
2180	5
2200	1
2220	3
2240	7
2260	2
2280	1
2300	1
2320	5
2340	2
2360	2
2380	0
2400	1
2420	4
2440	4
2460	3
2480	5
2500	1
2520	3
2540	2
2560	2
2580	4
2600	2
2620	4
2640	6
2660	3
2680	3
2700	2
2720	3
2740	4
2760	2
2780	4
2800	3
2820	4
2840	4
2860	1
2880	1
2900	4
2920	0
2940	6
2960	2
2980	3
3000	2
3020	4
3040	2
3060	6
3080	6
3100	5
3120	4
3140	3
3160	2
3180	2
3200	4
3220	3
3240	4
3260	3
3280	2
3300	7
3320	3
3340	4
3360	3
3380	4
3400	5
3420	7
3440	4
3460	4
3480	2
3500	7
3520	4
3540	5
3560	3
3580	2
3600	7
3620	4
3640	4
3660	6
3680	2
3700	3
3720	4
3740	5
3760	2
3780	4
3800	3
3820	2
3840	6
3860	5
3880	4
3900	6
3920	2
3940	3
3960	8
3980	3
4000	7
4020	6
4040	6
4060	3
4080	2
4100	2
4120	3
4140	3
4160	1
4180	6
4200	6
4220	1
4240	6
4260	2
4280	3
4300	2
4320	3
4340	5
4360	3
4380	8
4400	4
4420	4
4440	5
4460	3
4480	4
4500	3
4520	4
4540	4
4560	3
4580	1
4600	5
4620	4
4640	1
4660	2
4680	3
4700	6
4720	3
4740	7
4760	7
4780	6
4800	6
4820	5
4840	14
4860	7
4880	7
4900	6
4920	6
4940	4
4960	0
4980	4
5000	0
5020	6
5040	7
5060	8
5080	3
5100	5
5120	6
5140	8
5160	2
5180	3
5200	4
5220	0
5240	2
5260	0
5280	2
5300	6
5320	4
5340	2
5360	6
5380	2
5400	1
5420	8
5440	2
5460	4
5480	2
5500	0
5520	2
5540	5
5560	6
5580	2
5600	8
5620	4
5640	2
5660	7
5680	5
5700	3
5720	1
5740	1
5760	4
5780	2
5800	8
5820	3
5840	2
5860	7
5880	2
5900	6
5920	4
5940	3
5960	1
5980	4
6000	5
6020	7
6040	2
6060	0
6080	2
6100	2
6120	5
6140	6
6160	4
6180	6
6200	5
6220	7
6240	2
6260	6
6280	4
6300	3
6320	7
6340	6
6360	3
6380	3
6400	2
6420	2
6440	2
6460	4
6480	2
6500	0
6520	7
6540	2
6560	4
6580	2
6600	3
6620	4
6640	4
6660	1
6680	3
6700	2
6720	6
6740	5
6760	1
6780	2
6800	0
6820	5
6840	4
6860	3
6880	5
6900	4
6920	2
6940	2
6960	5
6980	5
7000	4
7020	3
7040	5
7060	3
7080	3
7100	7
7120	1
7140	5
7160	6
7180	3
7200	7
7220	4
7240	6
7260	7
7280	5
7300	6
7320	4
7340	4
7360	1
7380	5
7400	3
7420	4
7440	3
7460	0
7480	4
7500	2
7520	8
7540	5
7560	3
7580	2
7600	2
7620	3
7640	2
7660	7
7680	5
7700	2
7720	5
7740	8
7760	4
7780	6
7800	5
7820	7
7840	4
7860	3
7880	5
7900	5
7920	2
7940	5
7960	2
7980	2
8000	3
8020	4
8040	5
8060	5
8080	7
8100	4
8120	7
8140	5
8160	7
8180	4
8200	6
8220	7
8240	4
8260	5
8280	4
8300	2
8320	2
8340	4
8360	6
8380	2
8400	12
8420	8
8440	5
8460	9
8480	6
8500	4
8520	5
8540	7
8560	3
8580	10
8600	3
8620	2
8640	2
8660	5
8680	4
8700	3
8720	6
8740	6
8760	6
8780	4
8800	4
8820	6
8840	2
8860	4
8880	4
8900	7
8920	5
8940	4
8960	1
8980	4
9000	4
9020	3
9040	5
9060	2
9080	2
9100	4
9120	3
9140	6
9160	7
9180	4
9200	7
9220	14
9240	13
9260	26
9280	24
9300	23
9320	14
9340	9
9360	6
9380	3
9400	2
9420	4
9440	3
9460	2
9480	5
9500	2
9520	4
9540	7
9560	7
9580	5
9600	1
9620	6
9640	8
9660	3
9680	3
9700	2
9720	3
9740	6
9760	5
9780	1
9800	9
9820	7
9840	5
9860	1
9880	8
9900	4
9920	6
9940	6
9960	8
9980	3
10000	7
10020	3
10040	2
10060	3
10080	3
10100	5
10120	7
10140	5
10160	6
10180	9
10200	5
10220	4
10240	6
10260	5
10280	4
10300	3
10320	2
10340	8
10360	2
10380	3
10400	4
10420	1
10440	3
10460	7
10480	7
10500	4
10520	5
10540	6
10560	6
10580	6
10600	3
10620	5
10640	3
10660	6
10680	8
10700	5
10720	6
10740	2
10760	11
10780	2
10800	4
10820	4
10840	7
10860	5
10880	6
10900	6
10920	3
10940	5
10960	0
10980	4
11000	1
11020	4
11040	5
11060	7
11080	4
11100	5
11120	7
11140	4
11160	1
11180	8
11200	5
11220	5
11240	6
11260	2
11280	4
11300	3
11320	5
11340	8
11360	4
11380	5
11400	8
11420	3
11440	5
11460	7
11480	2
11500	4
11520	1
11540	11
11560	10
11580	5
11600	3
11620	6
11640	5
11660	3
11680	4
11700	4
11720	9
11740	6
11760	4
11780	4
11800	8
11820	6
11840	3
11860	6
11880	5
11900	6
11920	9
11940	6
11960	5
11980	5
12000	6
12020	3
12040	8
12060	9
12080	3
12100	5
12120	2
12140	10
12160	7
12180	4
12200	6
12220	12
12240	9
12260	14
12280	21
12300	26
12320	52
12340	90
12360	170
12380	355
12400	814
12420	1793
12440	3928
12460	7094
12480	7598
12500	3555
12520	921
12540	174
12560	39
12580	23
12600	21
12620	22
12640	20
12660	13
12680	4
12700	9
12720	5
12740	3
12760	7
12780	1
12800	5
12820	10
12840	2
12860	5
12880	5
12900	4
12920	5
12940	2
12960	5
12980	6
13000	2
13020	2
13040	3
13060	5
13080	4
13100	1
13120	2
13140	4
13160	3
13180	5
13200	3
13220	1
13240	2
13260	3
13280	4
13300	3
13320	10
13340	9
13360	7
13380	8
13400	4
13420	4
13440	5
13460	3
13480	8
13500	2
13520	4
13540	2
13560	2
13580	3
13600	1
13620	2
13640	2
13660	3
13680	6
13700	3
13720	1
13740	0
13760	4
13780	1
13800	2
13820	6
13840	9
13860	4
13880	5
13900	9
13920	3
13940	2
13960	3
13980	3
14000	4
14020	6
14040	4
14060	2
14080	3
14100	2
14120	5
14140	4
14160	1
14180	4
14200	4
14220	4
14240	2
14260	2
14280	3
14300	2
14320	5
14340	1
14360	1
14380	3
14400	3
14420	5
14440	2
14460	3
14480	4
14500	2
14520	3
14540	8
14560	4
14580	4
14600	5
14620	2
14640	1
14660	4
14680	2
14700	5
14720	3
14740	4
14760	1
14780	1
14800	3
14820	8
14840	3
14860	7
14880	1
14900	3
14920	7
14940	3
14960	4
14980	1
15000	2
15020	6
15040	2
15060	2
15080	3
15100	3
15120	3
15140	4
15160	5
15180	4
15200	3
15220	3
15240	2
15260	3
15280	6
15300	6
15320	5
15340	5
15360	9
15380	0
15400	4
15420	5
15440	6
15460	1
15480	2
15500	4
15520	3
15540	0
15560	9
15580	2
15600	8
15620	1
15640	0
15660	4
15680	2
15700	3
15720	3
15740	4
15760	4
15780	5
15800	2
15820	3
15840	1
15860	3
15880	6
15900	2
15920	3
15940	0
15960	6
15980	3
16000	4
16020	4
16040	3
16060	5
16080	4
16100	4
16120	1
16140	9
16160	3
16180	4
16200	3
16220	4
16240	2
16260	2
16280	1
16300	3
16320	3
16340	6
16360	2
16380	7
16400	4
16420	3
16440	1
16460	6
16480	5
16500	5
16520	8
16540	3
16560	3
16580	3
16600	2
16620	1
16640	5
16660	3
16680	6
16700	3
16720	5
16740	2
16760	2
16780	0
16800	7
16820	3
16840	8
16860	4
16880	2
16900	1
16920	6
16940	5
16960	4
16980	3
17000	4
17020	6
17040	3
17060	4
17080	6
17100	4
17120	5
17140	6
17160	5
17180	5
17200	5
17220	4
17240	8
17260	3
17280	6
17300	5
17320	7
17340	9
17360	6
17380	8
17400	1
17420	2
17440	2
17460	8
17480	6
17500	4
17520	5
17540	8
17560	4
17580	2
17600	8
17620	3
17640	1
17660	4
17680	4
17700	2
17720	4
17740	0
17760	1
17780	3
17800	3
17820	2
17840	5
17860	3
17880	2
17900	2
17920	5
17940	6
17960	3
17980	6
18000	2
18020	4
18040	3
18060	5
18080	6
18100	4
18120	6
18140	1
18160	6
18180	6
18200	1
18220	7
18240	5
18260	0
18280	4
18300	6
18320	1
18340	6
18360	6
18380	8
18400	2
18420	5
18440	0
18460	3
18480	6
18500	4
18520	5
18540	7
18560	6
18580	4
18600	1
18620	7
18640	4
18660	5
18680	3
18700	5
18720	3
18740	3
18760	3
18780	6
18800	5
18820	5
18840	2
18860	6
18880	4
18900	2
18920	2
18940	4
18960	3
18980	4
19000	7
19020	5
19040	2
19060	1
19080	2
19100	4
19120	2
19140	2
19160	5
19180	3
19200	4
19220	4
19240	4
19260	5
19280	2
19300	3
19320	4
19340	3
19360	5
19380	1
19400	4
19420	1
19440	5
19460	2
19480	7
19500	7
19520	4
19540	5
19560	2
19580	4
19600	4
19620	3
19640	5
19660	1
19680	3
19700	4
19720	6
19740	4
19760	6
19780	6
19800	4
19820	1
19840	3
19860	4
19880	7
19900	1
19920	2
19940	5
19960	4
19980	3
