"Time differences (ps)"	"Counts per bin"
-20000	2
-19980	4
-19960	2
-19940	1
-19920	2
-19900	2
-19880	2
-19860	0
-19840	4
-19820	1
-19800	1
-19780	2
-19760	5
-19740	1
-19720	2
-19700	4
-19680	2
-19660	2
-19640	4
-19620	1
-19600	1
-19580	2
-19560	0
-19540	2
-19520	0
-19500	4
-19480	5
-19460	0
-19440	1
-19420	0
-19400	2
-19380	0
-19360	3
-19340	0
-19320	2
-19300	0
-19280	2
-19260	1
-19240	0
-19220	3
-19200	1
-19180	2
-19160	2
-19140	2
-19120	2
-19100	0
-19080	1
-19060	1
-19040	2
-19020	0
-19000	2
-18980	2
-18960	0
-18940	1
-18920	4
-18900	3
-18880	0
-18860	3
-18840	3
-18820	1
-18800	2
-18780	2
-18760	0
-18740	0
-18720	0
-18700	1
-18680	1
-18660	3
-18640	2
-18620	2
-18600	0
-18580	2
-18560	2
-18540	1
-18520	1
-18500	2
-18480	1
-18460	3
-18440	4
-18420	1
-18400	1
-18380	1
-18360	3
-18340	1
-18320	1
-18300	2
-18280	1
-18260	3
-18240	2
-18220	2
-18200	1
-18180	3
-18160	3
-18140	1
-18120	2
-18100	3
-18080	2
-18060	0
-18040	1
-18020	0
-18000	2
-17980	1
-17960	3
-17940	0
-17920	6
-17900	1
-17880	2
-17860	2
-17840	0
-17820	0
-17800	1
-17780	0
-17760	0
-17740	0
-17720	2
-17700	1
-17680	1
-17660	1
-17640	2
-17620	1
-17600	1
-17580	0
-17560	0
-17540	2
-17520	1
-17500	2
-17480	3
-17460	1
-17440	5
-17420	0
-17400	2
-17380	1
-17360	3
-17340	3
-17320	0
-17300	1
-17280	3
-17260	1
-17240	3
-17220	5
-17200	1
-17180	0
-17160	1
-17140	1
-17120	4
-17100	4
-17080	1
-17060	1
-17040	2
-17020	1
-17000	0
-16980	1
-16960	2
-16940	3
-16920	2
-16900	2
-16880	1
-16860	1
-16840	1
-16820	4
-16800	2
-16780	1
-16760	3
-16740	0
-16720	1
-16700	1
-16680	1
-16660	1
-16640	2
-16620	5
-16600	2
-16580	3
-16560	1
-16540	4
-16520	2
-16500	2
-16480	3
-16460	4
-16440	0
-16420	1
-16400	2
-16380	1
-16360	2
-16340	2
-16320	3
-16300	2
-16280	2
-16260	0
-16240	1
-16220	1
-16200	2
-16180	2
-16160	3
-16140	2
-16120	1
-16100	0
-16080	3
-16060	5
-16040	3
-16020	3
-16000	1
-15980	1
-15960	2
-15940	4
-15920	1
-15900	2
-15880	1
-15860	2
-15840	4
-15820	6
-15800	3
-15780	5
-15760	5
-15740	12
-15720	17
-15700	27
-15680	19
-15660	9
-15640	6
-15620	1
-15600	4
-15580	5
-15560	4
-15540	1
-15520	0
-15500	5
-15480	7
-15460	0
-15440	3
-15420	3
-15400	1
-15380	0
-15360	3
-15340	0
-15320	3
-15300	1
-15280	4
-15260	2
-15240	5
-15220	3
-15200	2
-15180	4
-15160	2
-15140	2
-15120	2
-15100	1
-15080	1
-15060	2
-15040	2
-15020	0
-15000	5
-14980	3
-14960	6
-14940	1
-14920	2
-14900	4
-14880	3
-14860	2
-14840	0
-14820	4
-14800	3
-14780	4
-14760	4
-14740	3
-14720	2
-14700	3
-14680	0
-14660	2
-14640	2
-14620	5
-14600	3
-14580	0
-14560	1
-14540	2
-14520	2
-14500	2
-14480	0
-14460	1
-14440	0
-14420	1
-14400	3
-14380	2
-14360	2
-14340	3
-14320	0
-14300	3
-14280	0
-14260	2
-14240	3
-14220	3
-14200	2
-14180	3
-14160	3
-14140	2
-14120	0
-14100	1
-14080	4
-14060	1
-14040	2
-14020	2
-14000	0
-13980	3
-13960	2
-13940	6
-13920	2
-13900	7
-13880	1
-13860	4
-13840	1
-13820	2
-13800	4
-13780	2
-13760	3
-13740	2
-13720	4
-13700	0
-13680	3
-13660	2
-13640	5
-13620	0
-13600	5
-13580	4
-13560	4
-13540	2
-13520	2
-13500	1
-13480	3
-13460	2
-13440	6
-13420	2
-13400	2
-13380	3
-13360	5
-13340	4
-13320	2
-13300	2
-13280	3
-13260	4
-13240	3
-13220	3
-13200	1
-13180	1
-13160	0
-13140	1
-13120	2
-13100	2
-13080	3
-13060	2
-13040	2
-13020	2
-13000	4
-12980	7
-12960	4
-12940	5
-12920	2
-12900	3
-12880	2
-12860	3
-12840	4
-12820	1
-12800	4
-12780	2
-12760	8
-12740	5
-12720	6
-12700	10
-12680	24
-12660	33
-12640	67
-12620	122
-12600	277
-12580	585
-12560	1240
-12540	2633
-12520	4925
-12500	6921
-12480	4716
-12460	1424
-12440	301
-12420	43
-12400	18
-12380	11
-12360	11
-12340	16
-12320	14
-12300	6
-12280	4
-12260	3
-12240	1
-12220	0
-12200	0
-12180	0
-12160	5
-12140	0
-12120	0
-12100	0
-12080	2
-12060	1
-12040	1
-12020	1
-12000	0
-11980	1
-11960	3
-11940	1
-11920	0
-11900	0
-11880	0
-11860	0
-11840	1
-11820	0
-11800	2
-11780	1
-11760	1
-11740	4
-11720	3
-11700	5
-11680	3
-11660	5
-11640	2
-11620	1
-11600	2
-11580	2
-11560	0
-11540	2
-11520	2
-11500	0
-11480	1
-11460	1
-11440	1
-11420	1
-11400	0
-11380	1
-11360	3
-11340	0
-11320	1
-11300	2
-11280	1
-11260	1
-11240	1
-11220	1
-11200	0
-11180	1
-11160	4
-11140	1
-11120	5
-11100	6
-11080	5
-11060	1
-11040	1
-11020	1
-11000	1
-10980	1
-10960	0
-10940	3
-10920	0
-10900	2
-10880	2
-10860	0
-10840	1
-10820	2
-10800	0
-10780	0
-10760	1
-10740	2
-10720	0
-10700	2
-10680	0
-10660	1
-10640	2
-10620	1
-10600	2
-10580	0
-10560	2
-10540	0
-10520	3
-10500	3
-10480	1
-10460	0
-10440	3
-10420	1
-10400	2
-10380	3
-10360	3
-10340	1
-10320	1
-10300	0
-10280	1
-10260	0
-10240	2
-10220	1
-10200	2
-10180	2
-10160	1
-10140	0
-10120	0
-10100	2
-10080	1
-10060	1
-10040	1
-10020	0
-10000	1
-9980	1
-9960	2
-9940	2
-9920	0
-9900	1
-9880	1
-9860	3
-9840	2
-9820	0
-9800	1
-9780	1
-9760	1
-9740	1
-9720	0
-9700	4
-9680	1
-9660	1
-9640	1
-9620	4
-9600	0
-9580	1
-9560	1
-9540	1
-9520	0
-9500	2
-9480	2
-9460	0
-9440	3
-9420	1
-9400	2
-9380	0
-9360	2
-9340	0
-9320	0
-9300	1
-9280	1
-9260	2
-9240	0
-9220	0
-9200	1
-9180	1
-9160	0
-9140	0
-9120	1
-9100	1
-9080	2
-9060	0
-9040	3
-9020	0
-9000	1
-8980	0
-8960	1
-8940	1
-8920	2
-8900	1
-8880	2
-8860	1
-8840	3
-8820	2
-8800	2
-8780	1
-8760	1
-8740	1
-8720	1
-8700	1
-8680	1
-8660	1
-8640	0
-8620	1
-8600	2
-8580	1
-8560	2
-8540	3
-8520	1
-8500	4
-8480	1
-8460	6
-8440	3
-8420	1
-8400	1
-8380	2
-8360	0
-8340	2
-8320	2
-8300	0
-8280	1
-8260	1
-8240	1
-8220	3
-8200	0
-8180	0
-8160	2
-8140	1
-8120	1
-8100	1
-8080	0
-8060	2
-8040	1
-8020	0
-8000	0
-7980	1
-7960	1
-7940	0
-7920	1
-7900	0
-7880	1
-7860	2
-7840	0
-7820	0
-7800	0
-7780	0
-7760	1
-7740	0
-7720	3
-7700	1
-7680	4
-7660	2
-7640	4
-7620	6
-7600	2
-7580	5
-7560	1
-7540	0
-7520	2
-7500	0
-7480	0
-7460	1
-7440	3
-7420	1
-7400	6
-7380	1
-7360	0
-7340	1
-7320	3
-7300	1
-7280	0
-7260	1
-7240	0
-7220	0
-7200	2
-7180	3
-7160	1
-7140	1
-7120	2
-7100	2
-7080	2
-7060	2
-7040	1
-7020	0
-7000	0
-6980	2
-6960	1
-6940	3
-6920	3
-6900	0
-6880	1
-6860	4
-6840	1
-6820	3
-6800	1
-6780	1
-6760	8
-6740	3
-6720	0
-6700	2
-6680	1
-6660	0
-6640	1
-6620	0
-6600	2
-6580	1
-6560	2
-6540	3
-6520	3
-6500	1
-6480	0
-6460	1
-6440	0
-6420	1
-6400	0
-6380	0
-6360	2
-6340	1
-6320	3
-6300	0
-6280	2
-6260	1
-6240	1
-6220	0
-6200	0
-6180	0
-6160	1
-6140	5
-6120	2
-6100	1
-6080	2
-6060	3
-6040	2
-6020	1
-6000	0
-5980	1
-5960	2
-5940	0
-5920	0
-5900	0
-5880	0
-5860	2
-5840	3
-5820	0
-5800	1
-5780	0
-5760	1
-5740	0
-5720	1
-5700	1
-5680	2
-5660	1
-5640	5
-5620	0
-5600	2
-5580	1
-5560	1
-5540	0
-5520	1
-5500	2
-5480	2
-5460	2
-5440	2
-5420	2
-5400	4
-5380	1
-5360	2
-5340	0
-5320	0
-5300	0
-5280	1
-5260	0
-5240	5
-5220	3
-5200	1
-5180	1
-5160	1
-5140	2
-5120	0
-5100	0
-5080	1
-5060	1
-5040	2
-5020	1
-5000	0
-4980	0
-4960	1
-4940	1
-4920	1
-4900	1
-4880	4
-4860	1
-4840	0
-4820	2
-4800	2
-4780	1
-4760	4
-4740	3
-4720	2
-4700	0
-4680	0
-4660	2
-4640	2
-4620	2
-4600	2
-4580	1
-4560	0
-4540	2
-4520	1
-4500	1
-4480	2
-4460	1
-4440	2
-4420	1
-4400	1
-4380	3
-4360	2
-4340	0
-4320	2
-4300	1
-4280	3
-4260	2
-4240	2
-4220	2
-4200	1
-4180	2
-4160	1
-4140	2
-4120	0
-4100	4
-4080	2
-4060	5
-4040	7
-4020	2
-4000	6
-3980	0
-3960	1
-3940	0
-3920	2
-3900	1
-3880	2
-3860	2
-3840	1
-3820	1
-3800	4
-3780	4
-3760	0
-3740	1
-3720	1
-3700	0
-3680	0
-3660	2
-3640	1
-3620	1
-3600	2
-3580	0
-3560	2
-3540	0
-3520	4
-3500	0
-3480	2
-3460	1
-3440	5
-3420	3
-3400	2
-3380	0
-3360	1
-3340	3
-3320	2
-3300	2
-3280	2
-3260	8
-3240	10
-3220	22
-3200	15
-3180	12
-3160	7
-3140	6
-3120	0
-3100	1
-3080	5
-3060	1
-3040	3
-3020	0
-3000	1
-2980	2
-2960	1
-2940	2
-2920	0
-2900	0
-2880	2
-2860	1
-2840	1
-2820	1
-2800	1
-2780	1
-2760	2
-2740	3
-2720	2
-2700	3
-2680	1
-2660	3
-2640	1
-2620	2
-2600	2
-2580	0
-2560	3
-2540	4
-2520	1
-2500	1
-2480	1
-2460	0
-2440	1
-2420	3
-2400	3
-2380	1
-2360	0
-2340	2
-2320	0
-2300	2
-2280	4
-2260	1
-2240	1
-2220	4
-2200	1
-2180	1
-2160	0
-2140	0
-2120	0
-2100	2
-2080	3
-2060	1
-2040	1
-2020	2
-2000	0
-1980	0
-1960	2
-1940	3
-1920	0
-1900	4
-1880	3
-1860	2
-1840	3
-1820	2
-1800	5
-1780	3
-1760	1
-1740	2
-1720	0
-1700	1
-1680	3
-1660	2
-1640	1
-1620	2
-1600	0
-1580	0
-1560	2
-1540	1
-1520	3
-1500	2
-1480	6
-1460	0
-1440	2
-1420	1
-1400	4
-1380	3
-1360	2
-1340	0
-1320	2
-1300	1
-1280	0
-1260	1
-1240	1
-1220	1
-1200	1
-1180	1
-1160	2
-1140	2
-1120	1
-1100	3
-1080	2
-1060	1
-1040	2
-1020	0
-1000	1
-980	2
-960	2
-940	2
-920	2
-900	2
-880	5
-860	5
-840	4
-820	4
-800	0
-780	3
-760	2
-740	1
-720	1
-700	1
-680	2
-660	6
-640	3
-620	1
-600	2
-580	2
-560	0
-540	0
-520	2
-500	3
-480	1
-460	2
-440	2
-420	2
-400	1
-380	2
-360	1
-340	0
-320	3
-300	3
-280	2
-260	2
-240	5
-220	13
-200	15
-180	25
-160	65
-140	127
-120	317
-100	663
-80	1439
-60	3035
-40	5753
-20	8704
0	6062
20	950
40	80
60	21
80	14
100	6
120	8
140	16
160	25
180	17
200	6
220	2
240	2
260	0
280	6
300	1
320	3
340	4
360	3
380	1
400	6
420	3
440	3
460	6
480	5
500	3
520	5
540	0
560	4
580	3
600	3
620	1
640	2
660	5
680	2
700	4
720	6
740	5
760	5
780	9
800	8
820	11
840	11
860	12
880	4
900	3
920	1
940	5
960	4
980	5
1000	3
1020	4
1040	3
1060	2
1080	1
1100	6
1120	4
1140	1
1160	7
1180	2
1200	1
1220	5
1240	5
1260	3
1280	3
1300	4
1320	2
1340	4
1360	6
1380	3
1400	10
1420	4
1440	4
1460	2
1480	2
1500	3
1520	1
1540	4
1560	2
1580	4
1600	3
1620	2
1640	4
1660	5
1680	3
1700	4
1720	3
1740	1
1760	2
1780	3
1800	4
1820	5
1840	4
1860	2
1880	5
1900	5
1920	2
1940	0
1960	8
1980	2
2000	2
2020	2
2040	1
2060	2
2080	2
2100	4
2120	7
2140	2
2160	2
2180	6
2200	3
2220	3
2240	4
2260	1
2280	3
2300	7
2320	2
2340	3
2360	3
2380	1
2400	4
2420	1
2440	6
2460	5
2480	3
2500	0
2520	3
2540	3
2560	0
2580	4
2600	3
2620	1
2640	3
2660	3
2680	3
2700	5
2720	6
2740	5
2760	2
2780	5
2800	3
2820	5
2840	4
2860	3
2880	4
2900	6
2920	7
2940	0
2960	2
2980	0
3000	1
3020	2
3040	1
3060	2
3080	5
3100	3
3120	3
3140	2
3160	2
3180	6
3200	2
3220	1
3240	4
3260	3
3280	4
3300	4
3320	3
3340	4
3360	3
3380	4
3400	2
3420	2
3440	9
3460	2
3480	3
3500	4
3520	3
3540	6
3560	5
3580	2
3600	0
3620	5
3640	1
3660	2
3680	1
3700	4
3720	7
3740	2
3760	1
3780	7
3800	2
3820	4
3840	4
3860	4
3880	4
3900	4
3920	3
3940	2
3960	5
3980	1
4000	5
4020	4
4040	2
4060	1
4080	3
4100	2
4120	2
4140	5
4160	5
4180	2
4200	4
4220	4
4240	4
4260	1
4280	5
4300	2
4320	3
4340	6
4360	3
4380	2
4400	0
4420	1
4440	2
4460	2
4480	5
4500	6
4520	1
4540	6
4560	5
4580	4
4600	4
4620	5
4640	4
4660	4
4680	4
4700	1
4720	7
4740	5
4760	2
4780	6
4800	1
4820	3
4840	4
4860	6
4880	9
4900	3
4920	4
4940	6
4960	4
4980	3
5000	1
5020	3
5040	2
5060	5
5080	2
5100	4
5120	7
5140	2
5160	8
5180	5
5200	3
5220	1
5240	5
5260	3
5280	7
5300	1
5320	3
5340	2
5360	6
5380	2
5400	3
5420	4
5440	2
5460	3
5480	5
5500	5
5520	2
5540	6
5560	5
5580	8
5600	2
5620	5
5640	3
5660	5
5680	3
5700	3
5720	2
5740	2
5760	3
5780	4
5800	2
5820	5
5840	4
5860	6
5880	3
5900	2
5920	5
5940	2
5960	7
5980	2
6000	3
6020	3
6040	2
6060	3
6080	0
6100	7
6120	2
6140	3
6160	3
6180	4
6200	2
6220	1
6240	1
6260	5
6280	4
6300	4
6320	6
6340	3
6360	3
6380	4
6400	6
6420	3
6440	1
6460	10
6480	1
6500	5
6520	3
6540	2
6560	2
6580	0
6600	4
6620	4
6640	2
6660	3
6680	9
6700	4
6720	4
6740	3
6760	2
6780	2
6800	6
6820	3
6840	2
6860	2
6880	1
6900	4
6920	6
6940	1
6960	4
6980	5
7000	3
7020	4
7040	3
7060	7
7080	1
7100	6
7120	4
7140	4
7160	1
7180	4
7200	2
7220	3
7240	3
7260	4
7280	3
7300	2
7320	3
7340	2
7360	4
7380	5
7400	1
7420	2
7440	4
7460	2
7480	3
7500	6
7520	3
7540	6
7560	1
7580	3
7600	7
7620	5
7640	2
7660	6
7680	4
7700	2
7720	3
7740	2
7760	3
7780	8
7800	5
7820	2
7840	3
7860	4
7880	5
7900	8
7920	5
7940	2
7960	5
7980	2
8000	4
8020	1
8040	5
8060	1
8080	9
8100	3
8120	2
8140	3
8160	4
8180	4
8200	2
8220	1
8240	4
8260	4
8280	1
8300	7
8320	8
8340	2
8360	3
8380	6
8400	6
8420	5
8440	10
8460	6
8480	3
8500	3
8520	5
8540	4
8560	4
8580	2
8600	3
8620	4
8640	8
8660	5
8680	3
8700	1
8720	3
8740	2
8760	6
8780	6
8800	2
8820	6
8840	3
8860	4
8880	6
8900	5
8920	5
8940	8
8960	2
8980	7
9000	5
9020	4
9040	5
9060	5
9080	7
9100	4
9120	4
9140	3
9160	2
9180	7
9200	6
9220	8
9240	16
9260	23
9280	29
9300	15
9320	4
9340	7
9360	4
9380	2
9400	5
9420	5
9440	5
9460	3
9480	3
9500	2
9520	3
9540	5
9560	2
9580	2
9600	5
9620	4
9640	3
9660	6
9680	6
9700	1
9720	8
9740	8
9760	5
9780	8
9800	6
9820	4
9840	4
9860	3
9880	4
9900	2
9920	6
9940	3
9960	3
9980	3
10000	1
10020	4
10040	4
10060	5
10080	4
10100	7
10120	3
10140	2
10160	3
10180	4
10200	3
10220	6
10240	5
10260	5
10280	9
10300	6
10320	3
10340	5
10360	4
10380	4
10400	3
10420	4
10440	4
10460	5
10480	5
10500	1
10520	8
10540	2
10560	5
10580	5
10600	7
10620	6
10640	4
10660	6
10680	6
10700	4
10720	1
10740	4
10760	5
10780	5
10800	4
10820	5
10840	7
10860	3
10880	6
10900	1
10920	2
10940	3
10960	4
10980	4
11000	1
11020	5
11040	7
11060	4
11080	0
11100	7
11120	2
11140	1
11160	1
11180	6
11200	1
11220	2
11240	3
11260	6
11280	1
11300	4
11320	7
11340	3
11360	5
11380	6
11400	7
11420	4
11440	2
11460	7
11480	5
11500	3
11520	6
11540	4
11560	6
11580	4
11600	8
11620	6
11640	5
11660	3
11680	8
11700	2
11720	4
11740	4
11760	7
11780	1
11800	3
11820	9
11840	7
11860	8
11880	4
11900	2
11920	4
11940	2
11960	5
11980	2
12000	6
12020	2
12040	1
12060	4
12080	3
12100	6
12120	9
12140	6
12160	11
12180	6
12200	9
12220	5
12240	7
12260	15
12280	12
12300	29
12320	47
12340	76
12360	161
12380	355
12400	772
12420	1720
12440	3577
12460	6128
12480	6466
12500	3123
12520	731
12540	172
12560	34
12580	21
12600	16
12620	14
12640	14
12660	13
12680	9
12700	6
12720	6
12740	5
12760	3
12780	2
12800	2
12820	3
12840	5
12860	3
12880	4
12900	3
12920	1
12940	2
12960	3
12980	3
13000	2
13020	5
13040	2
13060	6
13080	1
13100	3
13120	5
13140	3
13160	3
13180	4
13200	0
13220	4
13240	3
13260	5
13280	7
13300	3
13320	5
13340	13
13360	11
13380	4
13400	1
13420	3
13440	2
13460	2
13480	5
13500	1
13520	3
13540	2
13560	5
13580	4
13600	2
13620	4
13640	6
13660	1
13680	2
13700	4
13720	4
13740	5
13760	1
13780	2
13800	3
13820	1
13840	5
13860	3
13880	0
13900	3
13920	4
13940	2
13960	3
13980	3
14000	2
14020	5
14040	3
14060	8
14080	3
14100	3
14120	5
14140	1
14160	2
14180	3
14200	4
14220	2
14240	1
14260	1
14280	2
14300	0
14320	3
14340	2
14360	3
14380	2
14400	5
14420	2
14440	1
14460	3
14480	2
14500	2
14520	3
14540	5
14560	1
14580	6
14600	9
14620	3
14640	3
14660	4
14680	2
14700	2
14720	4
14740	2
14760	4
14780	5
14800	2
14820	0
14840	1
14860	4
14880	2
14900	5
14920	4
14940	2
14960	3
14980	3
15000	3
15020	5
15040	3
15060	3
15080	3
15100	5
15120	3
15140	1
15160	3
15180	2
15200	1
15220	5
15240	5
15260	6
15280	0
15300	1
15320	2
15340	5
15360	2
15380	1
15400	3
15420	2
15440	1
15460	2
15480	2
15500	3
15520	2
15540	2
15560	4
15580	0
15600	3
15620	2
15640	8
15660	3
15680	1
15700	4
15720	3
15740	1
15760	6
15780	0
15800	1
15820	3
15840	4
15860	5
15880	4
15900	6
15920	6
15940	3
15960	4
15980	3
16000	3
16020	4
16040	5
16060	2
16080	3
16100	1
16120	1
16140	0
16160	5
16180	4
16200	1
16220	3
16240	1
16260	2
16280	3
16300	2
16320	5
16340	4
16360	3
16380	1
16400	3
16420	5
16440	3
16460	6
16480	9
16500	9
16520	4
16540	2
16560	2
16580	3
16600	4
16620	4
16640	4
16660	1
16680	4
16700	5
16720	1
16740	1
16760	1
16780	3
16800	4
16820	3
16840	1
16860	5
16880	5
16900	4
16920	6
16940	5
16960	0
16980	3
17000	6
17020	0
17040	5
17060	6
17080	3
17100	3
17120	4
17140	2
17160	8
17180	5
17200	5
17220	4
17240	3
17260	4
17280	3
17300	11
17320	6
17340	5
17360	3
17380	5
17400	8
17420	6
17440	2
17460	2
17480	2
17500	4
17520	3
17540	6
17560	4
17580	8
17600	4
17620	1
17640	7
17660	1
17680	3
17700	2
17720	3
17740	2
17760	1
17780	2
17800	1
17820	4
17840	1
17860	2
17880	4
17900	3
17920	5
17940	2
17960	1
17980	3
18000	2
18020	2
18040	6
18060	3
18080	2
18100	4
18120	5
18140	2
18160	7
18180	3
18200	4
18220	7
18240	5
18260	3
18280	2
18300	4
18320	4
18340	2
18360	1
18380	5
18400	6
18420	1
18440	2
18460	4
18480	2
18500	2
18520	2
18540	3
18560	1
18580	4
18600	1
18620	5
18640	6
18660	2
18680	1
18700	3
18720	1
18740	4
18760	4
18780	2
18800	2
18820	4
18840	4
18860	4
18880	5
18900	1
18920	1
18940	4
18960	3
18980	2
19000	4
19020	6
19040	2
19060	3
19080	7
19100	2
19120	4
19140	1
19160	6
19180	4
19200	1
19220	4
19240	4
19260	7
19280	2
19300	2
19320	5
19340	5
19360	3
19380	3
19400	1
19420	3
19440	3
19460	1
19480	4
19500	1
19520	2
19540	2
19560	5
19580	5
19600	4
19620	2
19640	2
19660	2
19680	5
19700	4
19720	4
19740	4
19760	5
19780	1
19800	5
19820	5
19840	6
19860	4
19880	1
19900	3
19920	2
19940	2
19960	4
19980	1
