"Time differences (ps)"	"Counts per bin"
-20000	4
-19980	0
-19960	0
-19940	2
-19920	3
-19900	5
-19880	4
-19860	3
-19840	3
-19820	1
-19800	3
-19780	0
-19760	2
-19740	1
-19720	0
-19700	0
-19680	1
-19660	3
-19640	4
-19620	2
-19600	3
-19580	1
-19560	3
-19540	2
-19520	1
-19500	2
-19480	0
-19460	3
-19440	2
-19420	2
-19400	2
-19380	1
-19360	3
-19340	1
-19320	1
-19300	4
-19280	0
-19260	3
-19240	0
-19220	0
-19200	1
-19180	0
-19160	4
-19140	0
-19120	1
-19100	3
-19080	2
-19060	0
-19040	2
-19020	2
-19000	1
-18980	1
-18960	1
-18940	0
-18920	1
-18900	0
-18880	1
-18860	4
-18840	0
-18820	0
-18800	0
-18780	2
-18760	1
-18740	3
-18720	1
-18700	2
-18680	1
-18660	3
-18640	3
-18620	2
-18600	2
-18580	2
-18560	4
-18540	1
-18520	2
-18500	1
-18480	0
-18460	2
-18440	2
-18420	0
-18400	3
-18380	1
-18360	0
-18340	0
-18320	0
-18300	0
-18280	1
-18260	3
-18240	2
-18220	3
-18200	2
-18180	2
-18160	4
-18140	1
-18120	1
-18100	1
-18080	1
-18060	0
-18040	2
-18020	0
-18000	0
-17980	1
-17960	0
-17940	2
-17920	2
-17900	1
-17880	2
-17860	4
-17840	3
-17820	2
-17800	4
-17780	0
-17760	1
-17740	3
-17720	2
-17700	3
-17680	0
-17660	0
-17640	3
-17620	0
-17600	1
-17580	2
-17560	0
-17540	2
-17520	2
-17500	0
-17480	2
-17460	1
-17440	1
-17420	3
-17400	3
-17380	2
-17360	1
-17340	3
-17320	1
-17300	2
-17280	0
-17260	2
-17240	3
-17220	2
-17200	1
-17180	1
-17160	0
-17140	5
-17120	0
-17100	1
-17080	0
-17060	0
-17040	1
-17020	2
-17000	4
-16980	2
-16960	0
-16940	1
-16920	2
-16900	0
-16880	4
-16860	2
-16840	3
-16820	3
-16800	2
-16780	2
-16760	2
-16740	2
-16720	2
-16700	2
-16680	1
-16660	2
-16640	0
-16620	0
-16600	2
-16580	1
-16560	2
-16540	2
-16520	4
-16500	6
-16480	0
-16460	0
-16440	0
-16420	3
-16400	2
-16380	3
-16360	2
-16340	3
-16320	1
-16300	1
-16280	1
-16260	1
-16240	1
-16220	0
-16200	3
-16180	1
-16160	3
-16140	1
-16120	3
-16100	2
-16080	5
-16060	2
-16040	0
-16020	3
-16000	1
-15980	4
-15960	2
-15940	1
-15920	2
-15900	1
-15880	4
-15860	2
-15840	1
-15820	3
-15800	5
-15780	5
-15760	7
-15740	10
-15720	13
-15700	33
-15680	21
-15660	14
-15640	7
-15620	7
-15600	4
-15580	2
-15560	3
-15540	1
-15520	4
-15500	2
-15480	2
-15460	1
-15440	1
-15420	0
-15400	1
-15380	3
-15360	1
-15340	0
-15320	2
-15300	1
-15280	1
-15260	2
-15240	0
-15220	2
-15200	2
-15180	1
-15160	1
-15140	1
-15120	0
-15100	2
-15080	1
-15060	6
-15040	3
-15020	3
-15000	2
-14980	3
-14960	3
-14940	2
-14920	1
-14900	2
-14880	2
-14860	1
-14840	2
-14820	5
-14800	3
-14780	1
-14760	0
-14740	3
-14720	3
-14700	4
-14680	1
-14660	2
-14640	1
-14620	0
-14600	3
-14580	1
-14560	3
-14540	3
-14520	3
-14500	3
-14480	2
-14460	2
-14440	3
-14420	0
-14400	4
-14380	4
-14360	1
-14340	0
-14320	3
-14300	1
-14280	0
-14260	1
-14240	2
-14220	3
-14200	2
-14180	5
-14160	1
-14140	0
-14120	2
-14100	3
-14080	2
-14060	1
-14040	2
-14020	3
-14000	0
-13980	2
-13960	0
-13940	2
-13920	3
-13900	2
-13880	1
-13860	2
-13840	5
-13820	1
-13800	2
-13780	2
-13760	2
-13740	1
-13720	2
-13700	3
-13680	0
-13660	4
-13640	0
-13620	4
-13600	2
-13580	3
-13560	4
-13540	5
-13520	3
-13500	5
-13480	5
-13460	1
-13440	4
-13420	3
-13400	3
-13380	4
-13360	4
-13340	6
-13320	2
-13300	5
-13280	1
-13260	0
-13240	2
-13220	0
-13200	2
-13180	1
-13160	0
-13140	2
-13120	4
-13100	1
-13080	1
-13060	2
-13040	1
-13020	0
-13000	1
-12980	4
-12960	5
-12940	1
-12920	3
-12900	2
-12880	1
-12860	1
-12840	3
-12820	4
-12800	5
-12780	3
-12760	3
-12740	2
-12720	10
-12700	10
-12680	22
-12660	26
-12640	53
-12620	116
-12600	255
-12580	525
-12560	1148
-12540	2507
-12520	4579
-12500	6626
-12480	4715
-12460	1533
-12440	285
-12420	52
-12400	7
-12380	9
-12360	2
-12340	5
-12320	6
-12300	6
-12280	4
-12260	0
-12240	2
-12220	2
-12200	1
-12180	2
-12160	0
-12140	0
-12120	1
-12100	1
-12080	3
-12060	4
-12040	2
-12020	1
-12000	1
-11980	0
-11960	0
-11940	1
-11920	2
-11900	1
-11880	0
-11860	0
-11840	3
-11820	0
-11800	1
-11780	2
-11760	0
-11740	1
-11720	1
-11700	1
-11680	5
-11660	1
-11640	7
-11620	9
-11600	3
-11580	3
-11560	0
-11540	3
-11520	1
-11500	1
-11480	1
-11460	3
-11440	1
-11420	2
-11400	0
-11380	0
-11360	1
-11340	0
-11320	0
-11300	3
-11280	0
-11260	3
-11240	0
-11220	2
-11200	0
-11180	1
-11160	3
-11140	2
-11120	0
-11100	7
-11080	9
-11060	2
-11040	4
-11020	3
-11000	1
-10980	5
-10960	3
-10940	0
-10920	0
-10900	2
-10880	1
-10860	0
-10840	1
-10820	3
-10800	2
-10780	1
-10760	3
-10740	1
-10720	2
-10700	2
-10680	1
-10660	4
-10640	3
-10620	0
-10600	2
-10580	1
-10560	0
-10540	1
-10520	1
-10500	4
-10480	1
-10460	0
-10440	0
-10420	2
-10400	1
-10380	2
-10360	0
-10340	1
-10320	0
-10300	0
-10280	0
-10260	1
-10240	0
-10220	2
-10200	2
-10180	2
-10160	0
-10140	1
-10120	2
-10100	1
-10080	1
-10060	0
-10040	1
-10020	1
-10000	0
-9980	2
-9960	1
-9940	1
-9920	1
-9900	2
-9880	1
-9860	1
-9840	3
-9820	0
-9800	2
-9780	1
-9760	0
-9740	1
-9720	2
-9700	1
-9680	1
-9660	2
-9640	0
-9620	1
-9600	2
-9580	0
-9560	2
-9540	0
-9520	1
-9500	0
-9480	3
-9460	0
-9440	1
-9420	1
-9400	2
-9380	2
-9360	2
-9340	3
-9320	1
-9300	1
-9280	0
-9260	2
-9240	0
-9220	1
-9200	1
-9180	0
-9160	1
-9140	1
-9120	3
-9100	2
-9080	0
-9060	2
-9040	2
-9020	0
-9000	0
-8980	0
-8960	0
-8940	1
-8920	2
-8900	1
-8880	2
-8860	1
-8840	3
-8820	1
-8800	1
-8780	1
-8760	0
-8740	2
-8720	0
-8700	2
-8680	0
-8660	2
-8640	3
-8620	1
-8600	4
-8580	0
-8560	2
-8540	3
-8520	1
-8500	2
-8480	2
-8460	2
-8440	0
-8420	3
-8400	1
-8380	2
-8360	3
-8340	0
-8320	2
-8300	0
-8280	0
-8260	1
-8240	2
-8220	1
-8200	1
-8180	0
-8160	0
-8140	1
-8120	2
-8100	1
-8080	2
-8060	1
-8040	3
-8020	1
-8000	0
-7980	0
-7960	2
-7940	1
-7920	3
-7900	0
-7880	2
-7860	0
-7840	3
-7820	3
-7800	5
-7780	2
-7760	3
-7740	3
-7720	2
-7700	6
-7680	1
-7660	5
-7640	3
-7620	4
-7600	3
-7580	0
-7560	2
-7540	1
-7520	1
-7500	2
-7480	3
-7460	2
-7440	0
-7420	4
-7400	1
-7380	1
-7360	0
-7340	0
-7320	2
-7300	2
-7280	0
-7260	1
-7240	3
-7220	3
-7200	1
-7180	1
-7160	0
-7140	0
-7120	1
-7100	0
-7080	1
-7060	1
-7040	2
-7020	1
-7000	1
-6980	1
-6960	1
-6940	1
-6920	2
-6900	2
-6880	4
-6860	0
-6840	0
-6820	3
-6800	1
-6780	3
-6760	0
-6740	1
-6720	1
-6700	1
-6680	0
-6660	2
-6640	2
-6620	0
-6600	5
-6580	1
-6560	1
-6540	1
-6520	1
-6500	1
-6480	0
-6460	1
-6440	0
-6420	3
-6400	0
-6380	1
-6360	1
-6340	2
-6320	1
-6300	1
-6280	1
-6260	1
-6240	1
-6220	1
-6200	0
-6180	0
-6160	2
-6140	0
-6120	0
-6100	0
-6080	2
-6060	1
-6040	3
-6020	1
-6000	0
-5980	3
-5960	0
-5940	2
-5920	0
-5900	1
-5880	1
-5860	1
-5840	1
-5820	2
-5800	1
-5780	1
-5760	1
-5740	2
-5720	0
-5700	1
-5680	0
-5660	0
-5640	2
-5620	0
-5600	1
-5580	1
-5560	1
-5540	0
-5520	2
-5500	2
-5480	1
-5460	0
-5440	2
-5420	1
-5400	1
-5380	2
-5360	2
-5340	1
-5320	1
-5300	3
-5280	2
-5260	2
-5240	1
-5220	0
-5200	1
-5180	0
-5160	0
-5140	2
-5120	2
-5100	0
-5080	2
-5060	1
-5040	0
-5020	0
-5000	3
-4980	3
-4960	3
-4940	2
-4920	0
-4900	2
-4880	0
-4860	1
-4840	1
-4820	0
-4800	2
-4780	1
-4760	2
-4740	0
-4720	2
-4700	1
-4680	1
-4660	0
-4640	4
-4620	3
-4600	0
-4580	1
-4560	1
-4540	2
-4520	1
-4500	0
-4480	2
-4460	1
-4440	1
-4420	1
-4400	0
-4380	2
-4360	2
-4340	3
-4320	1
-4300	0
-4280	0
-4260	2
-4240	2
-4220	1
-4200	2
-4180	3
-4160	2
-4140	2
-4120	0
-4100	2
-4080	1
-4060	5
-4040	4
-4020	3
-4000	4
-3980	3
-3960	2
-3940	1
-3920	6
-3900	3
-3880	0
-3860	4
-3840	2
-3820	3
-3800	1
-3780	2
-3760	2
-3740	2
-3720	0
-3700	0
-3680	1
-3660	1
-3640	2
-3620	1
-3600	0
-3580	0
-3560	0
-3540	0
-3520	2
-3500	1
-3480	0
-3460	1
-3440	0
-3420	2
-3400	2
-3380	3
-3360	5
-3340	5
-3320	4
-3300	9
-3280	5
-3260	7
-3240	12
-3220	36
-3200	19
-3180	7
-3160	3
-3140	2
-3120	4
-3100	2
-3080	3
-3060	2
-3040	2
-3020	2
-3000	2
-2980	0
-2960	1
-2940	1
-2920	0
-2900	1
-2880	1
-2860	3
-2840	1
-2820	3
-2800	0
-2780	0
-2760	0
-2740	2
-2720	2
-2700	2
-2680	2
-2660	2
-2640	1
-2620	2
-2600	1
-2580	3
-2560	1
-2540	3
-2520	0
-2500	1
-2480	2
-2460	1
-2440	2
-2420	1
-2400	4
-2380	4
-2360	2
-2340	0
-2320	2
-2300	1
-2280	1
-2260	1
-2240	3
-2220	1
-2200	5
-2180	2
-2160	1
-2140	2
-2120	5
-2100	1
-2080	0
-2060	0
-2040	2
-2020	2
-2000	0
-1980	1
-1960	1
-1940	3
-1920	1
-1900	3
-1880	1
-1860	2
-1840	1
-1820	0
-1800	2
-1780	2
-1760	2
-1740	0
-1720	2
-1700	3
-1680	1
-1660	0
-1640	3
-1620	3
-1600	1
-1580	0
-1560	1
-1540	2
-1520	5
-1500	1
-1480	1
-1460	0
-1440	4
-1420	4
-1400	3
-1380	2
-1360	3
-1340	1
-1320	1
-1300	3
-1280	0
-1260	0
-1240	0
-1220	0
-1200	1
-1180	5
-1160	3
-1140	3
-1120	1
-1100	2
-1080	3
-1060	2
-1040	1
-1020	2
-1000	0
-980	2
-960	2
-940	0
-920	0
-900	3
-880	4
-860	1
-840	2
-820	1
-800	1
-780	5
-760	0
-740	0
-720	1
-700	0
-680	3
-660	1
-640	5
-620	2
-600	1
-580	0
-560	2
-540	0
-520	3
-500	1
-480	0
-460	3
-440	2
-420	1
-400	2
-380	1
-360	1
-340	1
-320	5
-300	1
-280	8
-260	3
-240	5
-220	7
-200	11
-180	10
-160	13
-140	28
-120	49
-100	83
-80	122
-60	247
-40	426
-20	734
0	640
20	132
40	25
60	8
80	5
100	4
120	3
140	5
160	5
180	2
200	3
220	1
240	2
260	5
280	2
300	2
320	2
340	6
360	3
380	4
400	2
420	3
440	3
460	4
480	5
500	3
520	3
540	2
560	4
580	4
600	4
620	1
640	5
660	2
680	3
700	3
720	3
740	2
760	4
780	6
800	7
820	5
840	7
860	7
880	6
900	3
920	3
940	3
960	4
980	5
1000	3
1020	2
1040	1
1060	9
1080	0
1100	5
1120	2
1140	2
1160	4
1180	4
1200	5
1220	0
1240	2
1260	5
1280	3
1300	3
1320	2
1340	1
1360	11
1380	5
1400	7
1420	4
1440	4
1460	5
1480	1
1500	2
1520	4
1540	2
1560	2
1580	5
1600	3
1620	4
1640	1
1660	5
1680	3
1700	5
1720	2
1740	4
1760	2
1780	6
1800	2
1820	4
1840	3
1860	4
1880	5
1900	1
1920	7
1940	2
1960	1
1980	3
2000	5
2020	2
2040	6
2060	4
2080	4
2100	3
2120	5
2140	3
2160	3
2180	2
2200	1
2220	6
2240	4
2260	2
2280	2
2300	4
2320	4
2340	5
2360	5
2380	1
2400	2
2420	3
2440	5
2460	2
2480	3
2500	3
2520	6
2540	4
2560	3
2580	2
2600	0
2620	1
2640	5
2660	3
2680	3
2700	4
2720	2
2740	3
2760	6
2780	1
2800	3
2820	7
2840	4
2860	5
2880	7
2900	4
2920	4
2940	8
2960	1
2980	1
3000	1
3020	6
3040	3
3060	1
3080	1
3100	7
3120	0
3140	4
3160	2
3180	6
3200	2
3220	3
3240	9
3260	4
3280	2
3300	5
3320	2
3340	1
3360	3
3380	1
3400	2
3420	4
3440	1
3460	2
3480	1
3500	4
3520	5
3540	2
3560	0
3580	4
3600	2
3620	3
3640	4
3660	4
3680	3
3700	0
3720	5
3740	1
3760	1
3780	5
3800	3
3820	1
3840	3
3860	1
3880	2
3900	4
3920	7
3940	3
3960	4
3980	3
4000	4
4020	3
4040	4
4060	4
4080	8
4100	3
4120	7
4140	1
4160	2
4180	4
4200	2
4220	1
4240	5
4260	5
4280	4
4300	3
4320	4
4340	4
4360	1
4380	2
4400	6
4420	0
4440	6
4460	2
4480	5
4500	1
4520	2
4540	1
4560	1
4580	4
4600	7
4620	4
4640	4
4660	5
4680	1
4700	2
4720	6
4740	2
4760	3
4780	3
4800	6
4820	6
4840	5
4860	6
4880	6
4900	5
4920	2
4940	4
4960	4
4980	2
5000	1
5020	2
5040	2
5060	4
5080	3
5100	2
5120	3
5140	3
5160	3
5180	2
5200	2
5220	0
5240	3
5260	2
5280	6
5300	2
5320	2
5340	7
5360	6
5380	3
5400	3
5420	5
5440	2
5460	2
5480	2
5500	5
5520	2
5540	4
5560	4
5580	6
5600	4
5620	7
5640	2
5660	3
5680	1
5700	4
5720	3
5740	5
5760	5
5780	2
5800	4
5820	5
5840	1
5860	2
5880	4
5900	3
5920	4
5940	8
5960	4
5980	6
6000	5
6020	5
6040	3
6060	2
6080	6
6100	2
6120	1
6140	5
6160	1
6180	4
6200	5
6220	4
6240	5
6260	5
6280	3
6300	1
6320	2
6340	10
6360	1
6380	2
6400	2
6420	2
6440	1
6460	5
6480	5
6500	2
6520	3
6540	2
6560	3
6580	3
6600	4
6620	3
6640	6
6660	3
6680	4
6700	3
6720	3
6740	4
6760	1
6780	4
6800	3
6820	2
6840	5
6860	2
6880	2
6900	0
6920	6
6940	2
6960	4
6980	5
7000	2
7020	6
7040	4
7060	7
7080	2
7100	6
7120	2
7140	3
7160	5
7180	5
7200	5
7220	5
7240	5
7260	1
7280	1
7300	2
7320	6
7340	4
7360	7
7380	6
7400	2
7420	2
7440	2
7460	5
7480	5
7500	2
7520	2
7540	7
7560	6
7580	2
7600	3
7620	4
7640	4
7660	4
7680	2
7700	4
7720	5
7740	6
7760	0
7780	3
7800	4
7820	8
7840	6
7860	4
7880	3
7900	2
7920	2
7940	0
7960	8
7980	0
8000	4
8020	5
8040	3
8060	3
8080	4
8100	7
8120	4
8140	3
8160	3
8180	5
8200	4
8220	3
8240	4
8260	4
8280	3
8300	2
8320	1
8340	8
8360	5
8380	2
8400	4
8420	7
8440	8
8460	8
8480	5
8500	6
8520	2
8540	5
8560	3
8580	1
8600	3
8620	2
8640	3
8660	3
8680	1
8700	5
8720	2
8740	6
8760	7
8780	1
8800	1
8820	4
8840	2
8860	2
8880	5
8900	6
8920	7
8940	5
8960	3
8980	2
9000	3
9020	3
9040	0
9060	4
9080	3
9100	3
9120	1
9140	6
9160	7
9180	7
9200	6
9220	4
9240	17
9260	19
9280	36
9300	12
9320	8
9340	6
9360	2
9380	3
9400	4
9420	0
9440	0
9460	2
9480	4
9500	3
9520	8
9540	2
9560	1
9580	5
9600	3
9620	4
9640	3
9660	3
9680	2
9700	3
9720	4
9740	5
9760	6
9780	4
9800	2
9820	1
9840	3
9860	8
9880	0
9900	6
9920	1
9940	5
9960	5
9980	5
10000	6
10020	4
10040	8
10060	1
10080	3
10100	4
10120	6
10140	5
10160	5
10180	4
10200	6
10220	7
10240	2
10260	2
10280	1
10300	2
10320	4
10340	3
10360	3
10380	3
10400	5
10420	5
10440	4
10460	6
10480	2
10500	3
10520	4
10540	2
10560	6
10580	7
10600	6
10620	2
10640	1
10660	5
10680	3
10700	5
10720	6
10740	7
10760	2
10780	2
10800	3
10820	0
10840	2
10860	2
10880	4
10900	8
10920	4
10940	1
10960	3
10980	6
11000	4
11020	3
11040	8
11060	2
11080	6
11100	5
11120	3
11140	3
11160	12
11180	5
11200	1
11220	7
11240	3
11260	2
11280	7
11300	8
11320	7
11340	3
11360	2
11380	4
11400	4
11420	3
11440	5
11460	7
11480	3
11500	8
11520	4
11540	3
11560	5
11580	3
11600	3
11620	11
11640	3
11660	5
11680	3
11700	2
11720	1
11740	7
11760	3
11780	1
11800	8
11820	5
11840	5
11860	4
11880	3
11900	6
11920	5
11940	3
11960	3
11980	3
12000	8
12020	7
12040	7
12060	5
12080	8
12100	5
12120	4
12140	7
12160	7
12180	4
12200	7
12220	8
12240	5
12260	15
12280	21
12300	26
12320	45
12340	81
12360	142
12380	364
12400	763
12420	1683
12440	3344
12460	5893
12480	6355
12500	3038
12520	703
12540	140
12560	29
12580	22
12600	7
12620	13
12640	13
12660	9
12680	7
12700	7
12720	4
12740	1
12760	4
12780	2
12800	4
12820	1
12840	2
12860	3
12880	2
12900	3
12920	4
12940	3
12960	2
12980	0
13000	3
13020	1
13040	2
13060	4
13080	3
13100	3
13120	3
13140	6
13160	6
13180	2
13200	3
13220	8
13240	4
13260	2
13280	4
13300	5
13320	9
13340	13
13360	6
13380	4
13400	3
13420	4
13440	1
13460	4
13480	2
13500	3
13520	1
13540	2
13560	5
13580	5
13600	4
13620	3
13640	6
13660	2
13680	4
13700	3
13720	3
13740	7
13760	2
13780	1
13800	6
13820	1
13840	8
13860	5
13880	5
13900	7
13920	5
13940	4
13960	4
13980	6
14000	2
14020	1
14040	3
14060	1
14080	2
14100	3
14120	2
14140	2
14160	5
14180	0
14200	0
14220	1
14240	1
14260	3
14280	4
14300	4
14320	7
14340	4
14360	7
14380	3
14400	6
14420	3
14440	1
14460	3
14480	2
14500	3
14520	4
14540	2
14560	4
14580	3
14600	4
14620	6
14640	3
14660	5
14680	4
14700	4
14720	3
14740	4
14760	4
14780	1
14800	3
14820	3
14840	3
14860	4
14880	1
14900	1
14920	2
14940	0
14960	1
14980	2
15000	1
15020	5
15040	3
15060	5
15080	3
15100	3
15120	2
15140	3
15160	1
15180	2
15200	4
15220	3
15240	2
15260	4
15280	3
15300	2
15320	3
15340	1
15360	2
15380	6
15400	5
15420	1
15440	3
15460	0
15480	4
15500	1
15520	1
15540	2
15560	3
15580	4
15600	2
15620	2
15640	4
15660	6
15680	3
15700	6
15720	1
15740	3
15760	2
15780	6
15800	5
15820	4
15840	2
15860	6
15880	4
15900	3
15920	2
15940	0
15960	6
15980	3
16000	0
16020	5
16040	1
16060	1
16080	3
16100	0
16120	2
16140	2
16160	3
16180	2
16200	2
16220	6
16240	4
16260	2
16280	3
16300	5
16320	2
16340	2
16360	4
16380	1
16400	3
16420	4
16440	1
16460	6
16480	7
16500	11
16520	4
16540	1
16560	0
16580	0
16600	2
16620	2
16640	3
16660	4
16680	5
16700	4
16720	4
16740	2
16760	2
16780	2
16800	2
16820	4
16840	2
16860	3
16880	4
16900	2
16920	4
16940	3
16960	2
16980	2
17000	0
17020	1
17040	4
17060	2
17080	1
17100	4
17120	8
17140	4
17160	2
17180	3
17200	3
17220	2
17240	2
17260	2
17280	7
17300	1
17320	7
17340	5
17360	4
17380	5
17400	3
17420	0
17440	3
17460	3
17480	5
17500	0
17520	4
17540	2
17560	2
17580	8
17600	9
17620	4
17640	3
17660	3
17680	2
17700	3
17720	8
17740	6
17760	2
17780	1
17800	2
17820	7
17840	2
17860	6
17880	4
17900	1
17920	2
17940	2
17960	2
17980	2
18000	7
18020	3
18040	3
18060	4
18080	2
18100	2
18120	4
18140	2
18160	2
18180	6
18200	3
18220	0
18240	3
18260	3
18280	1
18300	4
18320	3
18340	4
18360	0
18380	3
18400	4
18420	5
18440	4
18460	1
18480	3
18500	2
18520	3
18540	5
18560	2
18580	4
18600	4
18620	6
18640	1
18660	1
18680	3
18700	2
18720	2
18740	1
18760	4
18780	6
18800	4
18820	6
18840	5
18860	3
18880	5
18900	3
18920	5
18940	5
18960	3
18980	7
19000	5
19020	5
19040	4
19060	6
19080	5
19100	4
19120	1
19140	6
19160	7
19180	2
19200	3
19220	7
19240	5
19260	2
19280	1
19300	1
19320	2
19340	5
19360	3
19380	7
19400	4
19420	4
19440	7
19460	1
19480	2
19500	5
19520	5
19540	2
19560	5
19580	3
19600	0
19620	3
19640	5
19660	4
19680	4
19700	4
19720	4
19740	5
19760	3
19780	4
19800	3
19820	3
19840	3
19860	5
19880	1
19900	2
19920	3
19940	4
19960	3
19980	3
