"Time differences (ps)"	"Counts per bin"
-20000	1
-19980	1
-19960	0
-19940	1
-19920	0
-19900	1
-19880	0
-19860	4
-19840	1
-19820	2
-19800	1
-19780	1
-19760	1
-19740	0
-19720	1
-19700	2
-19680	2
-19660	3
-19640	1
-19620	2
-19600	0
-19580	2
-19560	2
-19540	0
-19520	1
-19500	1
-19480	2
-19460	1
-19440	4
-19420	0
-19400	1
-19380	0
-19360	0
-19340	1
-19320	2
-19300	1
-19280	1
-19260	2
-19240	2
-19220	0
-19200	4
-19180	1
-19160	3
-19140	3
-19120	2
-19100	1
-19080	1
-19060	1
-19040	1
-19020	0
-19000	1
-18980	1
-18960	1
-18940	5
-18920	1
-18900	2
-18880	1
-18860	2
-18840	2
-18820	2
-18800	1
-18780	1
-18760	0
-18740	0
-18720	2
-18700	1
-18680	2
-18660	1
-18640	2
-18620	0
-18600	0
-18580	3
-18560	0
-18540	1
-18520	1
-18500	1
-18480	2
-18460	2
-18440	2
-18420	1
-18400	3
-18380	4
-18360	0
-18340	0
-18320	1
-18300	3
-18280	1
-18260	2
-18240	2
-18220	4
-18200	0
-18180	1
-18160	2
-18140	1
-18120	2
-18100	0
-18080	4
-18060	1
-18040	1
-18020	3
-18000	0
-17980	2
-17960	2
-17940	0
-17920	2
-17900	1
-17880	0
-17860	0
-17840	4
-17820	0
-17800	1
-17780	4
-17760	2
-17740	2
-17720	2
-17700	1
-17680	1
-17660	3
-17640	1
-17620	0
-17600	2
-17580	0
-17560	3
-17540	3
-17520	3
-17500	3
-17480	3
-17460	1
-17440	2
-17420	0
-17400	4
-17380	0
-17360	1
-17340	0
-17320	0
-17300	2
-17280	2
-17260	2
-17240	0
-17220	3
-17200	1
-17180	0
-17160	2
-17140	0
-17120	4
-17100	1
-17080	3
-17060	3
-17040	3
-17020	1
-17000	3
-16980	2
-16960	0
-16940	2
-16920	1
-16900	2
-16880	3
-16860	2
-16840	2
-16820	1
-16800	1
-16780	2
-16760	1
-16740	5
-16720	2
-16700	2
-16680	2
-16660	4
-16640	1
-16620	1
-16600	1
-16580	2
-16560	7
-16540	5
-16520	5
-16500	4
-16480	2
-16460	3
-16440	1
-16420	1
-16400	3
-16380	1
-16360	0
-16340	2
-16320	3
-16300	6
-16280	2
-16260	3
-16240	3
-16220	3
-16200	1
-16180	1
-16160	2
-16140	2
-16120	0
-16100	1
-16080	2
-16060	2
-16040	0
-16020	0
-16000	1
-15980	2
-15960	2
-15940	4
-15920	1
-15900	4
-15880	2
-15860	2
-15840	2
-15820	3
-15800	3
-15780	5
-15760	10
-15740	13
-15720	9
-15700	25
-15680	18
-15660	5
-15640	8
-15620	4
-15600	5
-15580	1
-15560	0
-15540	3
-15520	2
-15500	6
-15480	4
-15460	2
-15440	5
-15420	3
-15400	2
-15380	0
-15360	6
-15340	2
-15320	3
-15300	1
-15280	6
-15260	0
-15240	2
-15220	1
-15200	4
-15180	3
-15160	1
-15140	5
-15120	4
-15100	2
-15080	1
-15060	2
-15040	3
-15020	2
-15000	2
-14980	1
-14960	1
-14940	3
-14920	1
-14900	0
-14880	2
-14860	3
-14840	1
-14820	3
-14800	2
-14780	2
-14760	1
-14740	1
-14720	1
-14700	0
-14680	1
-14660	3
-14640	2
-14620	0
-14600	4
-14580	2
-14560	2
-14540	1
-14520	4
-14500	1
-14480	6
-14460	2
-14440	5
-14420	6
-14400	5
-14380	1
-14360	0
-14340	2
-14320	3
-14300	2
-14280	2
-14260	1
-14240	5
-14220	0
-14200	4
-14180	2
-14160	2
-14140	1
-14120	4
-14100	2
-14080	2
-14060	3
-14040	3
-14020	1
-14000	0
-13980	2
-13960	3
-13940	1
-13920	1
-13900	5
-13880	1
-13860	5
-13840	2
-13820	2
-13800	6
-13780	2
-13760	2
-13740	0
-13720	2
-13700	3
-13680	3
-13660	4
-13640	2
-13620	3
-13600	1
-13580	5
-13560	0
-13540	1
-13520	2
-13500	0
-13480	1
-13460	2
-13440	3
-13420	2
-13400	4
-13380	4
-13360	8
-13340	5
-13320	2
-13300	2
-13280	1
-13260	3
-13240	5
-13220	1
-13200	3
-13180	2
-13160	2
-13140	5
-13120	1
-13100	4
-13080	6
-13060	2
-13040	0
-13020	1
-13000	2
-12980	1
-12960	3
-12940	4
-12920	4
-12900	6
-12880	1
-12860	2
-12840	7
-12820	6
-12800	3
-12780	10
-12760	6
-12740	6
-12720	7
-12700	11
-12680	18
-12660	45
-12640	65
-12620	122
-12600	247
-12580	630
-12560	1292
-12540	2721
-12520	5274
-12500	7078
-12480	5052
-12460	1432
-12440	308
-12420	59
-12400	21
-12380	10
-12360	19
-12340	15
-12320	20
-12300	11
-12280	6
-12260	2
-12240	1
-12220	1
-12200	1
-12180	1
-12160	0
-12140	3
-12120	1
-12100	1
-12080	1
-12060	2
-12040	2
-12020	0
-12000	4
-11980	0
-11960	1
-11940	1
-11920	1
-11900	0
-11880	3
-11860	3
-11840	0
-11820	1
-11800	2
-11780	0
-11760	3
-11740	4
-11720	1
-11700	7
-11680	3
-11660	9
-11640	4
-11620	15
-11600	1
-11580	0
-11560	0
-11540	2
-11520	0
-11500	0
-11480	1
-11460	2
-11440	1
-11420	0
-11400	1
-11380	2
-11360	0
-11340	0
-11320	0
-11300	2
-11280	4
-11260	3
-11240	6
-11220	2
-11200	3
-11180	3
-11160	1
-11140	4
-11120	7
-11100	12
-11080	6
-11060	1
-11040	2
-11020	1
-11000	1
-10980	0
-10960	0
-10940	0
-10920	1
-10900	2
-10880	0
-10860	0
-10840	1
-10820	0
-10800	1
-10780	1
-10760	2
-10740	1
-10720	0
-10700	4
-10680	1
-10660	0
-10640	1
-10620	2
-10600	0
-10580	1
-10560	1
-10540	2
-10520	4
-10500	1
-10480	2
-10460	1
-10440	0
-10420	1
-10400	1
-10380	1
-10360	1
-10340	0
-10320	1
-10300	1
-10280	2
-10260	2
-10240	1
-10220	3
-10200	0
-10180	2
-10160	1
-10140	0
-10120	1
-10100	2
-10080	1
-10060	2
-10040	0
-10020	3
-10000	1
-9980	1
-9960	1
-9940	1
-9920	1
-9900	0
-9880	1
-9860	0
-9840	0
-9820	1
-9800	1
-9780	2
-9760	0
-9740	2
-9720	0
-9700	0
-9680	2
-9660	2
-9640	0
-9620	1
-9600	0
-9580	2
-9560	1
-9540	2
-9520	1
-9500	2
-9480	1
-9460	0
-9440	1
-9420	2
-9400	1
-9380	2
-9360	1
-9340	2
-9320	1
-9300	1
-9280	2
-9260	4
-9240	1
-9220	0
-9200	1
-9180	0
-9160	1
-9140	0
-9120	1
-9100	5
-9080	1
-9060	0
-9040	1
-9020	0
-9000	2
-8980	2
-8960	0
-8940	0
-8920	1
-8900	1
-8880	1
-8860	1
-8840	1
-8820	0
-8800	0
-8780	1
-8760	3
-8740	1
-8720	1
-8700	2
-8680	1
-8660	1
-8640	3
-8620	1
-8600	0
-8580	2
-8560	1
-8540	2
-8520	1
-8500	3
-8480	0
-8460	3
-8440	2
-8420	1
-8400	0
-8380	0
-8360	0
-8340	2
-8320	2
-8300	0
-8280	2
-8260	0
-8240	2
-8220	1
-8200	0
-8180	1
-8160	2
-8140	0
-8120	4
-8100	3
-8080	3
-8060	1
-8040	2
-8020	2
-8000	2
-7980	0
-7960	2
-7940	1
-7920	4
-7900	0
-7880	1
-7860	0
-7840	4
-7820	1
-7800	1
-7780	2
-7760	0
-7740	2
-7720	3
-7700	2
-7680	3
-7660	2
-7640	2
-7620	5
-7600	2
-7580	2
-7560	0
-7540	1
-7520	0
-7500	0
-7480	4
-7460	1
-7440	2
-7420	6
-7400	4
-7380	5
-7360	2
-7340	0
-7320	1
-7300	2
-7280	0
-7260	3
-7240	2
-7220	1
-7200	2
-7180	0
-7160	0
-7140	0
-7120	2
-7100	3
-7080	4
-7060	2
-7040	1
-7020	2
-7000	2
-6980	2
-6960	3
-6940	0
-6920	1
-6900	5
-6880	1
-6860	1
-6840	0
-6820	3
-6800	1
-6780	1
-6760	1
-6740	2
-6720	1
-6700	0
-6680	1
-6660	1
-6640	1
-6620	0
-6600	2
-6580	3
-6560	3
-6540	2
-6520	1
-6500	1
-6480	1
-6460	1
-6440	0
-6420	1
-6400	2
-6380	1
-6360	1
-6340	1
-6320	1
-6300	0
-6280	1
-6260	0
-6240	0
-6220	1
-6200	3
-6180	0
-6160	0
-6140	2
-6120	4
-6100	1
-6080	2
-6060	3
-6040	0
-6020	0
-6000	2
-5980	1
-5960	3
-5940	2
-5920	0
-5900	1
-5880	1
-5860	0
-5840	1
-5820	2
-5800	1
-5780	1
-5760	0
-5740	0
-5720	1
-5700	0
-5680	2
-5660	1
-5640	0
-5620	0
-5600	0
-5580	2
-5560	3
-5540	1
-5520	0
-5500	0
-5480	2
-5460	0
-5440	1
-5420	0
-5400	0
-5380	2
-5360	0
-5340	0
-5320	3
-5300	1
-5280	0
-5260	5
-5240	2
-5220	2
-5200	4
-5180	5
-5160	0
-5140	1
-5120	1
-5100	2
-5080	1
-5060	2
-5040	2
-5020	1
-5000	2
-4980	0
-4960	3
-4940	0
-4920	2
-4900	0
-4880	1
-4860	3
-4840	1
-4820	0
-4800	0
-4780	0
-4760	1
-4740	1
-4720	0
-4700	1
-4680	1
-4660	0
-4640	2
-4620	1
-4600	2
-4580	1
-4560	0
-4540	2
-4520	1
-4500	0
-4480	0
-4460	2
-4440	3
-4420	1
-4400	0
-4380	2
-4360	1
-4340	3
-4320	0
-4300	1
-4280	2
-4260	0
-4240	0
-4220	3
-4200	3
-4180	2
-4160	3
-4140	0
-4120	2
-4100	3
-4080	3
-4060	2
-4040	7
-4020	2
-4000	1
-3980	1
-3960	1
-3940	0
-3920	2
-3900	1
-3880	3
-3860	1
-3840	2
-3820	0
-3800	3
-3780	4
-3760	0
-3740	1
-3720	1
-3700	1
-3680	0
-3660	0
-3640	1
-3620	1
-3600	4
-3580	2
-3560	2
-3540	2
-3520	0
-3500	1
-3480	4
-3460	2
-3440	1
-3420	2
-3400	1
-3380	2
-3360	4
-3340	3
-3320	1
-3300	5
-3280	2
-3260	11
-3240	16
-3220	27
-3200	20
-3180	11
-3160	5
-3140	2
-3120	2
-3100	3
-3080	2
-3060	1
-3040	2
-3020	2
-3000	1
-2980	3
-2960	2
-2940	1
-2920	2
-2900	1
-2880	1
-2860	2
-2840	3
-2820	1
-2800	4
-2780	2
-2760	3
-2740	1
-2720	0
-2700	2
-2680	2
-2660	7
-2640	0
-2620	0
-2600	3
-2580	3
-2560	3
-2540	4
-2520	0
-2500	1
-2480	1
-2460	0
-2440	3
-2420	1
-2400	2
-2380	0
-2360	4
-2340	3
-2320	1
-2300	2
-2280	1
-2260	1
-2240	0
-2220	0
-2200	1
-2180	1
-2160	2
-2140	1
-2120	0
-2100	2
-2080	2
-2060	1
-2040	3
-2020	2
-2000	3
-1980	1
-1960	2
-1940	2
-1920	3
-1900	0
-1880	3
-1860	2
-1840	1
-1820	2
-1800	4
-1780	3
-1760	2
-1740	1
-1720	1
-1700	3
-1680	2
-1660	2
-1640	1
-1620	2
-1600	0
-1580	2
-1560	0
-1540	3
-1520	2
-1500	0
-1480	4
-1460	0
-1440	1
-1420	1
-1400	1
-1380	0
-1360	0
-1340	1
-1320	2
-1300	3
-1280	1
-1260	1
-1240	2
-1220	1
-1200	2
-1180	2
-1160	2
-1140	3
-1120	5
-1100	2
-1080	1
-1060	2
-1040	0
-1020	2
-1000	3
-980	6
-960	0
-940	4
-920	2
-900	0
-880	6
-860	1
-840	1
-820	2
-800	2
-780	1
-760	2
-740	3
-720	1
-700	1
-680	3
-660	0
-640	3
-620	3
-600	2
-580	1
-560	4
-540	0
-520	6
-500	1
-480	1
-460	6
-440	3
-420	5
-400	1
-380	1
-360	1
-340	3
-320	0
-300	1
-280	2
-260	4
-240	8
-220	10
-200	16
-180	20
-160	67
-140	134
-120	326
-100	725
-80	1642
-60	3613
-40	7334
-20	12218
0	8774
20	1433
40	120
60	11
80	8
100	9
120	11
140	16
160	22
180	12
200	4
220	5
240	5
260	2
280	3
300	1
320	0
340	2
360	3
380	2
400	3
420	3
440	2
460	3
480	4
500	1
520	7
540	6
560	3
580	5
600	0
620	4
640	6
660	3
680	1
700	6
720	1
740	3
760	9
780	3
800	5
820	10
840	10
860	14
880	6
900	13
920	4
940	2
960	2
980	5
1000	2
1020	2
1040	5
1060	4
1080	3
1100	2
1120	3
1140	3
1160	4
1180	2
1200	3
1220	1
1240	6
1260	4
1280	2
1300	3
1320	1
1340	2
1360	4
1380	8
1400	7
1420	11
1440	5
1460	5
1480	4
1500	6
1520	4
1540	3
1560	6
1580	3
1600	3
1620	4
1640	1
1660	1
1680	2
1700	8
1720	7
1740	2
1760	4
1780	1
1800	1
1820	7
1840	7
1860	6
1880	3
1900	4
1920	3
1940	4
1960	5
1980	2
2000	3
2020	5
2040	1
2060	3
2080	2
2100	4
2120	8
2140	5
2160	4
2180	3
2200	1
2220	4
2240	6
2260	3
2280	0
2300	7
2320	0
2340	2
2360	3
2380	1
2400	2
2420	5
2440	5
2460	3
2480	4
2500	5
2520	4
2540	3
2560	5
2580	3
2600	5
2620	4
2640	3
2660	4
2680	5
2700	3
2720	5
2740	3
2760	6
2780	0
2800	5
2820	4
2840	2
2860	3
2880	4
2900	5
2920	7
2940	4
2960	6
2980	1
3000	3
3020	4
3040	4
3060	2
3080	5
3100	1
3120	5
3140	2
3160	2
3180	5
3200	7
3220	2
3240	2
3260	6
3280	3
3300	3
3320	3
3340	4
3360	7
3380	1
3400	2
3420	3
3440	2
3460	1
3480	3
3500	5
3520	4
3540	1
3560	4
3580	3
3600	3
3620	4
3640	2
3660	3
3680	4
3700	0
3720	3
3740	2
3760	7
3780	3
3800	3
3820	4
3840	3
3860	3
3880	2
3900	5
3920	2
3940	5
3960	4
3980	8
4000	10
4020	4
4040	3
4060	3
4080	5
4100	4
4120	3
4140	3
4160	3
4180	4
4200	2
4220	1
4240	3
4260	6
4280	3
4300	8
4320	2
4340	2
4360	3
4380	2
4400	2
4420	7
4440	2
4460	1
4480	6
4500	2
4520	4
4540	0
4560	3
4580	4
4600	3
4620	2
4640	4
4660	3
4680	4
4700	3
4720	6
4740	2
4760	3
4780	6
4800	5
4820	5
4840	4
4860	5
4880	7
4900	3
4920	2
4940	2
4960	4
4980	5
5000	3
5020	6
5040	3
5060	4
5080	4
5100	6
5120	4
5140	2
5160	3
5180	2
5200	4
5220	3
5240	6
5260	8
5280	2
5300	4
5320	4
5340	2
5360	3
5380	2
5400	2
5420	3
5440	6
5460	3
5480	4
5500	3
5520	1
5540	0
5560	7
5580	1
5600	5
5620	4
5640	5
5660	4
5680	4
5700	7
5720	5
5740	3
5760	2
5780	3
5800	2
5820	3
5840	1
5860	2
5880	5
5900	3
5920	5
5940	4
5960	3
5980	4
6000	4
6020	3
6040	2
6060	1
6080	4
6100	3
6120	4
6140	3
6160	5
6180	1
6200	1
6220	2
6240	5
6260	3
6280	1
6300	4
6320	4
6340	3
6360	3
6380	2
6400	4
6420	7
6440	1
6460	7
6480	5
6500	3
6520	5
6540	4
6560	2
6580	6
6600	3
6620	2
6640	6
6660	5
6680	3
6700	5
6720	2
6740	1
6760	5
6780	2
6800	1
6820	3
6840	3
6860	5
6880	2
6900	3
6920	2
6940	3
6960	6
6980	3
7000	3
7020	5
7040	4
7060	0
7080	4
7100	1
7120	8
7140	5
7160	5
7180	3
7200	1
7220	3
7240	6
7260	1
7280	4
7300	3
7320	2
7340	1
7360	1
7380	5
7400	4
7420	0
7440	3
7460	1
7480	7
7500	5
7520	4
7540	3
7560	4
7580	4
7600	3
7620	4
7640	3
7660	5
7680	3
7700	2
7720	2
7740	4
7760	3
7780	3
7800	3
7820	2
7840	2
7860	2
7880	8
7900	3
7920	5
7940	5
7960	4
7980	5
8000	5
8020	4
8040	4
8060	5
8080	0
8100	3
8120	4
8140	1
8160	2
8180	3
8200	1
8220	3
8240	2
8260	5
8280	4
8300	4
8320	4
8340	4
8360	4
8380	2
8400	5
8420	6
8440	8
8460	9
8480	6
8500	6
8520	2
8540	5
8560	3
8580	4
8600	2
8620	4
8640	2
8660	3
8680	7
8700	2
8720	7
8740	2
8760	1
8780	4
8800	3
8820	5
8840	2
8860	6
8880	3
8900	6
8920	3
8940	4
8960	5
8980	7
9000	4
9020	3
9040	3
9060	2
9080	5
9100	6
9120	6
9140	3
9160	6
9180	6
9200	7
9220	4
9240	24
9260	23
9280	32
9300	20
9320	7
9340	7
9360	4
9380	5
9400	3
9420	2
9440	4
9460	3
9480	5
9500	5
9520	5
9540	3
9560	8
9580	5
9600	5
9620	3
9640	3
9660	4
9680	4
9700	4
9720	2
9740	7
9760	6
9780	2
9800	5
9820	5
9840	4
9860	5
9880	3
9900	5
9920	5
9940	1
9960	4
9980	5
10000	7
10020	4
10040	4
10060	5
10080	2
10100	2
10120	1
10140	7
10160	2
10180	3
10200	3
10220	3
10240	4
10260	5
10280	8
10300	5
10320	3
10340	2
10360	1
10380	3
10400	1
10420	4
10440	9
10460	4
10480	6
10500	6
10520	3
10540	1
10560	6
10580	7
10600	2
10620	5
10640	8
10660	0
10680	9
10700	7
10720	5
10740	5
10760	2
10780	6
10800	5
10820	4
10840	9
10860	2
10880	5
10900	3
10920	4
10940	5
10960	5
10980	6
11000	5
11020	6
11040	6
11060	2
11080	6
11100	3
11120	3
11140	3
11160	2
11180	3
11200	3
11220	8
11240	5
11260	2
11280	4
11300	5
11320	6
11340	3
11360	1
11380	1
11400	5
11420	2
11440	4
11460	3
11480	1
11500	10
11520	2
11540	4
11560	4
11580	9
11600	9
11620	9
11640	3
11660	6
11680	4
11700	4
11720	6
11740	2
11760	5
11780	5
11800	4
11820	8
11840	5
11860	3
11880	8
11900	5
11920	8
11940	8
11960	5
11980	5
12000	4
12020	5
12040	2
12060	8
12080	4
12100	3
12120	3
12140	7
12160	9
12180	7
12200	8
12220	4
12240	10
12260	11
12280	35
12300	31
12320	51
12340	88
12360	213
12380	411
12400	867
12420	1733
12440	3724
12460	6422
12480	6830
12500	3210
12520	746
12540	137
12560	41
12580	19
12600	18
12620	23
12640	19
12660	15
12680	8
12700	9
12720	3
12740	3
12760	2
12780	8
12800	4
12820	4
12840	3
12860	4
12880	4
12900	4
12920	2
12940	4
12960	3
12980	3
13000	2
13020	8
13040	0
13060	3
13080	1
13100	2
13120	2
13140	4
13160	2
13180	1
13200	4
13220	5
13240	1
13260	5
13280	7
13300	5
13320	3
13340	6
13360	4
13380	3
13400	7
13420	2
13440	1
13460	4
13480	6
13500	2
13520	2
13540	2
13560	1
13580	3
13600	5
13620	3
13640	3
13660	7
13680	3
13700	2
13720	6
13740	3
13760	2
13780	0
13800	2
13820	5
13840	5
13860	4
13880	8
13900	4
13920	0
13940	5
13960	4
13980	9
14000	7
14020	4
14040	2
14060	2
14080	2
14100	2
14120	3
14140	3
14160	4
14180	5
14200	4
14220	1
14240	1
14260	2
14280	6
14300	1
14320	3
14340	5
14360	1
14380	4
14400	3
14420	5
14440	5
14460	4
14480	2
14500	5
14520	6
14540	5
14560	3
14580	4
14600	4
14620	4
14640	6
14660	5
14680	1
14700	4
14720	1
14740	5
14760	0
14780	4
14800	3
14820	3
14840	2
14860	3
14880	2
14900	2
14920	4
14940	2
14960	7
14980	7
15000	3
15020	0
15040	2
15060	3
15080	2
15100	3
15120	3
15140	6
15160	1
15180	3
15200	13
15220	2
15240	3
15260	2
15280	7
15300	7
15320	1
15340	2
15360	2
15380	5
15400	4
15420	2
15440	5
15460	2
15480	2
15500	4
15520	0
15540	2
15560	5
15580	2
15600	1
15620	3
15640	4
15660	2
15680	1
15700	4
15720	4
15740	4
15760	1
15780	1
15800	4
15820	2
15840	7
15860	4
15880	4
15900	5
15920	5
15940	6
15960	2
15980	1
16000	3
16020	1
16040	2
16060	0
16080	4
16100	2
16120	2
16140	3
16160	1
16180	4
16200	7
16220	7
16240	4
16260	2
16280	3
16300	0
16320	5
16340	3
16360	6
16380	1
16400	1
16420	0
16440	5
16460	4
16480	3
16500	8
16520	5
16540	5
16560	1
16580	7
16600	1
16620	3
16640	5
16660	3
16680	4
16700	3
16720	3
16740	2
16760	4
16780	3
16800	1
16820	4
16840	7
16860	3
16880	0
16900	4
16920	2
16940	4
16960	3
16980	3
17000	4
17020	3
17040	4
17060	6
17080	4
17100	2
17120	1
17140	3
17160	4
17180	4
17200	2
17220	0
17240	4
17260	1
17280	3
17300	4
17320	7
17340	5
17360	5
17380	3
17400	3
17420	2
17440	5
17460	4
17480	2
17500	2
17520	4
17540	7
17560	10
17580	7
17600	6
17620	6
17640	6
17660	3
17680	7
17700	4
17720	4
17740	3
17760	6
17780	4
17800	8
17820	3
17840	2
17860	4
17880	5
17900	7
17920	0
17940	2
17960	4
17980	2
18000	4
18020	4
18040	2
18060	1
18080	2
18100	4
18120	3
18140	2
18160	2
18180	7
18200	3
18220	3
18240	3
18260	2
18280	4
18300	6
18320	2
18340	3
18360	3
18380	4
18400	1
18420	7
18440	3
18460	9
18480	6
18500	5
18520	1
18540	5
18560	1
18580	4
18600	6
18620	3
18640	6
18660	3
18680	4
18700	5
18720	4
18740	4
18760	3
18780	6
18800	2
18820	7
18840	1
18860	0
18880	2
18900	3
18920	2
18940	2
18960	1
18980	9
19000	0
19020	1
19040	7
19060	2
19080	4
19100	2
19120	3
19140	2
19160	1
19180	2
19200	4
19220	6
19240	4
19260	5
19280	1
19300	2
19320	4
19340	2
19360	4
19380	1
19400	1
19420	4
19440	4
19460	5
19480	5
19500	2
19520	4
19540	3
19560	1
19580	3
19600	3
19620	2
19640	2
19660	4
19680	2
19700	7
19720	3
19740	5
19760	3
19780	2
19800	3
19820	5
19840	3
19860	1
19880	3
19900	5
19920	5
19940	4
19960	9
19980	2
