"Time differences (ps)"	"Counts per bin"
-20000	2
-19980	0
-19960	0
-19940	2
-19920	2
-19900	5
-19880	2
-19860	1
-19840	0
-19820	1
-19800	1
-19780	2
-19760	3
-19740	2
-19720	1
-19700	1
-19680	0
-19660	3
-19640	0
-19620	1
-19600	0
-19580	3
-19560	2
-19540	0
-19520	1
-19500	2
-19480	0
-19460	1
-19440	1
-19420	1
-19400	0
-19380	0
-19360	3
-19340	0
-19320	2
-19300	1
-19280	4
-19260	2
-19240	3
-19220	1
-19200	2
-19180	1
-19160	1
-19140	0
-19120	1
-19100	2
-19080	3
-19060	1
-19040	0
-19020	1
-19000	1
-18980	1
-18960	0
-18940	1
-18920	1
-18900	2
-18880	0
-18860	1
-18840	2
-18820	4
-18800	1
-18780	1
-18760	1
-18740	1
-18720	2
-18700	0
-18680	1
-18660	0
-18640	1
-18620	1
-18600	1
-18580	0
-18560	3
-18540	0
-18520	2
-18500	1
-18480	1
-18460	4
-18440	1
-18420	1
-18400	2
-18380	2
-18360	2
-18340	1
-18320	4
-18300	4
-18280	4
-18260	1
-18240	1
-18220	3
-18200	2
-18180	0
-18160	2
-18140	1
-18120	4
-18100	4
-18080	1
-18060	0
-18040	2
-18020	2
-18000	1
-17980	2
-17960	1
-17940	5
-17920	2
-17900	0
-17880	3
-17860	2
-17840	1
-17820	2
-17800	0
-17780	3
-17760	1
-17740	2
-17720	4
-17700	2
-17680	1
-17660	0
-17640	0
-17620	3
-17600	1
-17580	1
-17560	2
-17540	2
-17520	2
-17500	0
-17480	0
-17460	2
-17440	1
-17420	4
-17400	4
-17380	0
-17360	1
-17340	1
-17320	3
-17300	0
-17280	2
-17260	0
-17240	1
-17220	2
-17200	3
-17180	1
-17160	1
-17140	1
-17120	0
-17100	2
-17080	0
-17060	3
-17040	2
-17020	2
-17000	2
-16980	4
-16960	3
-16940	2
-16920	2
-16900	1
-16880	3
-16860	2
-16840	1
-16820	2
-16800	2
-16780	3
-16760	1
-16740	0
-16720	1
-16700	0
-16680	3
-16660	1
-16640	2
-16620	0
-16600	5
-16580	2
-16560	3
-16540	6
-16520	5
-16500	4
-16480	0
-16460	3
-16440	1
-16420	1
-16400	3
-16380	2
-16360	3
-16340	4
-16320	1
-16300	1
-16280	3
-16260	1
-16240	1
-16220	4
-16200	1
-16180	1
-16160	1
-16140	1
-16120	1
-16100	2
-16080	1
-16060	1
-16040	3
-16020	3
-16000	2
-15980	2
-15960	0
-15940	1
-15920	3
-15900	1
-15880	7
-15860	2
-15840	1
-15820	5
-15800	1
-15780	3
-15760	8
-15740	8
-15720	18
-15700	26
-15680	21
-15660	9
-15640	2
-15620	5
-15600	1
-15580	2
-15560	4
-15540	3
-15520	2
-15500	2
-15480	2
-15460	4
-15440	0
-15420	2
-15400	0
-15380	5
-15360	1
-15340	4
-15320	0
-15300	2
-15280	4
-15260	2
-15240	2
-15220	2
-15200	3
-15180	3
-15160	3
-15140	3
-15120	2
-15100	3
-15080	2
-15060	1
-15040	3
-15020	5
-15000	0
-14980	2
-14960	2
-14940	1
-14920	1
-14900	0
-14880	4
-14860	2
-14840	0
-14820	2
-14800	1
-14780	3
-14760	0
-14740	6
-14720	4
-14700	2
-14680	1
-14660	3
-14640	2
-14620	0
-14600	2
-14580	1
-14560	2
-14540	1
-14520	3
-14500	1
-14480	2
-14460	3
-14440	3
-14420	0
-14400	6
-14380	2
-14360	0
-14340	0
-14320	3
-14300	2
-14280	0
-14260	2
-14240	2
-14220	0
-14200	1
-14180	2
-14160	3
-14140	0
-14120	3
-14100	3
-14080	1
-14060	3
-14040	0
-14020	1
-14000	2
-13980	0
-13960	1
-13940	2
-13920	3
-13900	2
-13880	6
-13860	3
-13840	0
-13820	2
-13800	3
-13780	3
-13760	2
-13740	3
-13720	2
-13700	2
-13680	1
-13660	2
-13640	2
-13620	6
-13600	2
-13580	4
-13560	4
-13540	2
-13520	4
-13500	1
-13480	2
-13460	0
-13440	3
-13420	7
-13400	2
-13380	1
-13360	7
-13340	2
-13320	1
-13300	4
-13280	0
-13260	3
-13240	2
-13220	3
-13200	3
-13180	1
-13160	2
-13140	2
-13120	5
-13100	2
-13080	4
-13060	3
-13040	2
-13020	1
-13000	5
-12980	2
-12960	3
-12940	1
-12920	4
-12900	3
-12880	3
-12860	2
-12840	4
-12820	6
-12800	1
-12780	4
-12760	1
-12740	10
-12720	8
-12700	6
-12680	22
-12660	38
-12640	73
-12620	114
-12600	312
-12580	634
-12560	1365
-12540	2975
-12520	5332
-12500	7073
-12480	4730
-12460	1415
-12440	276
-12420	43
-12400	14
-12380	12
-12360	20
-12340	39
-12320	20
-12300	19
-12280	6
-12260	1
-12240	2
-12220	2
-12200	1
-12180	2
-12160	1
-12140	0
-12120	0
-12100	2
-12080	1
-12060	1
-12040	1
-12020	1
-12000	2
-11980	1
-11960	2
-11940	0
-11920	1
-11900	1
-11880	2
-11860	2
-11840	1
-11820	0
-11800	2
-11780	4
-11760	9
-11740	5
-11720	2
-11700	6
-11680	10
-11660	8
-11640	15
-11620	9
-11600	3
-11580	3
-11560	2
-11540	2
-11520	0
-11500	0
-11480	0
-11460	2
-11440	2
-11420	2
-11400	2
-11380	1
-11360	1
-11340	2
-11320	0
-11300	3
-11280	3
-11260	2
-11240	2
-11220	0
-11200	1
-11180	0
-11160	0
-11140	2
-11120	3
-11100	7
-11080	11
-11060	5
-11040	0
-11020	1
-11000	0
-10980	1
-10960	0
-10940	2
-10920	0
-10900	0
-10880	2
-10860	2
-10840	2
-10820	2
-10800	1
-10780	1
-10760	3
-10740	2
-10720	2
-10700	1
-10680	0
-10660	1
-10640	4
-10620	2
-10600	4
-10580	1
-10560	0
-10540	1
-10520	3
-10500	1
-10480	1
-10460	0
-10440	2
-10420	3
-10400	0
-10380	1
-10360	1
-10340	3
-10320	3
-10300	2
-10280	1
-10260	2
-10240	1
-10220	1
-10200	1
-10180	1
-10160	0
-10140	0
-10120	1
-10100	0
-10080	1
-10060	2
-10040	2
-10020	4
-10000	2
-9980	2
-9960	1
-9940	1
-9920	0
-9900	3
-9880	1
-9860	3
-9840	1
-9820	1
-9800	0
-9780	1
-9760	2
-9740	1
-9720	0
-9700	0
-9680	2
-9660	1
-9640	3
-9620	1
-9600	1
-9580	4
-9560	2
-9540	0
-9520	1
-9500	1
-9480	4
-9460	3
-9440	3
-9420	1
-9400	0
-9380	1
-9360	1
-9340	3
-9320	0
-9300	1
-9280	1
-9260	2
-9240	1
-9220	1
-9200	3
-9180	2
-9160	4
-9140	0
-9120	2
-9100	1
-9080	0
-9060	2
-9040	2
-9020	0
-9000	2
-8980	0
-8960	0
-8940	4
-8920	0
-8900	0
-8880	3
-8860	1
-8840	3
-8820	2
-8800	1
-8780	2
-8760	0
-8740	0
-8720	1
-8700	0
-8680	0
-8660	1
-8640	2
-8620	2
-8600	1
-8580	1
-8560	1
-8540	1
-8520	3
-8500	2
-8480	8
-8460	1
-8440	1
-8420	2
-8400	0
-8380	2
-8360	1
-8340	1
-8320	1
-8300	1
-8280	0
-8260	1
-8240	2
-8220	2
-8200	2
-8180	0
-8160	1
-8140	0
-8120	3
-8100	0
-8080	0
-8060	1
-8040	2
-8020	1
-8000	1
-7980	0
-7960	2
-7940	1
-7920	1
-7900	3
-7880	1
-7860	1
-7840	0
-7820	0
-7800	2
-7780	3
-7760	2
-7740	1
-7720	0
-7700	2
-7680	3
-7660	3
-7640	3
-7620	3
-7600	2
-7580	2
-7560	2
-7540	0
-7520	1
-7500	1
-7480	3
-7460	0
-7440	7
-7420	3
-7400	8
-7380	8
-7360	1
-7340	5
-7320	2
-7300	1
-7280	4
-7260	0
-7240	2
-7220	0
-7200	1
-7180	3
-7160	2
-7140	3
-7120	0
-7100	0
-7080	1
-7060	1
-7040	0
-7020	3
-7000	2
-6980	1
-6960	1
-6940	2
-6920	2
-6900	3
-6880	1
-6860	0
-6840	2
-6820	2
-6800	1
-6780	1
-6760	1
-6740	1
-6720	1
-6700	1
-6680	2
-6660	0
-6640	0
-6620	2
-6600	1
-6580	2
-6560	1
-6540	0
-6520	1
-6500	0
-6480	0
-6460	1
-6440	1
-6420	0
-6400	0
-6380	0
-6360	0
-6340	1
-6320	2
-6300	1
-6280	2
-6260	1
-6240	1
-6220	0
-6200	1
-6180	0
-6160	0
-6140	2
-6120	4
-6100	1
-6080	0
-6060	3
-6040	0
-6020	3
-6000	1
-5980	2
-5960	0
-5940	1
-5920	3
-5900	1
-5880	1
-5860	2
-5840	2
-5820	1
-5800	1
-5780	1
-5760	3
-5740	2
-5720	4
-5700	1
-5680	0
-5660	2
-5640	2
-5620	3
-5600	0
-5580	1
-5560	0
-5540	0
-5520	4
-5500	3
-5480	0
-5460	3
-5440	1
-5420	3
-5400	2
-5380	2
-5360	1
-5340	4
-5320	5
-5300	1
-5280	1
-5260	2
-5240	2
-5220	0
-5200	1
-5180	0
-5160	1
-5140	0
-5120	1
-5100	3
-5080	2
-5060	2
-5040	1
-5020	1
-5000	2
-4980	0
-4960	0
-4940	1
-4920	3
-4900	2
-4880	1
-4860	1
-4840	3
-4820	0
-4800	2
-4780	0
-4760	0
-4740	0
-4720	2
-4700	5
-4680	0
-4660	0
-4640	1
-4620	2
-4600	2
-4580	0
-4560	2
-4540	1
-4520	2
-4500	1
-4480	0
-4460	1
-4440	0
-4420	0
-4400	1
-4380	1
-4360	0
-4340	4
-4320	2
-4300	2
-4280	1
-4260	0
-4240	1
-4220	1
-4200	5
-4180	1
-4160	2
-4140	0
-4120	3
-4100	1
-4080	1
-4060	4
-4040	5
-4020	3
-4000	4
-3980	2
-3960	1
-3940	0
-3920	0
-3900	0
-3880	0
-3860	1
-3840	2
-3820	3
-3800	1
-3780	1
-3760	0
-3740	1
-3720	1
-3700	3
-3680	2
-3660	2
-3640	5
-3620	1
-3600	0
-3580	2
-3560	1
-3540	2
-3520	3
-3500	1
-3480	0
-3460	5
-3440	3
-3420	1
-3400	2
-3380	3
-3360	2
-3340	3
-3320	2
-3300	6
-3280	7
-3260	11
-3240	15
-3220	23
-3200	27
-3180	17
-3160	6
-3140	2
-3120	1
-3100	4
-3080	2
-3060	0
-3040	2
-3020	2
-3000	2
-2980	3
-2960	0
-2940	4
-2920	2
-2900	2
-2880	2
-2860	1
-2840	3
-2820	1
-2800	2
-2780	0
-2760	1
-2740	1
-2720	2
-2700	3
-2680	4
-2660	1
-2640	2
-2620	2
-2600	0
-2580	4
-2560	1
-2540	1
-2520	2
-2500	4
-2480	3
-2460	1
-2440	1
-2420	2
-2400	1
-2380	1
-2360	1
-2340	1
-2320	2
-2300	2
-2280	2
-2260	1
-2240	1
-2220	1
-2200	0
-2180	0
-2160	1
-2140	2
-2120	1
-2100	1
-2080	0
-2060	1
-2040	1
-2020	1
-2000	2
-1980	5
-1960	3
-1940	0
-1920	0
-1900	2
-1880	2
-1860	2
-1840	1
-1820	1
-1800	0
-1780	0
-1760	3
-1740	2
-1720	2
-1700	1
-1680	2
-1660	1
-1640	2
-1620	2
-1600	2
-1580	0
-1560	1
-1540	3
-1520	1
-1500	2
-1480	6
-1460	6
-1440	4
-1420	2
-1400	2
-1380	1
-1360	2
-1340	1
-1320	1
-1300	0
-1280	1
-1260	4
-1240	1
-1220	2
-1200	2
-1180	3
-1160	1
-1140	1
-1120	1
-1100	3
-1080	0
-1060	1
-1040	3
-1020	2
-1000	2
-980	3
-960	0
-940	2
-920	0
-900	2
-880	3
-860	3
-840	3
-820	5
-800	0
-780	2
-760	0
-740	3
-720	5
-700	3
-680	2
-660	2
-640	3
-620	3
-600	2
-580	2
-560	0
-540	2
-520	2
-500	1
-480	1
-460	1
-440	0
-420	3
-400	4
-380	1
-360	0
-340	3
-320	6
-300	2
-280	2
-260	6
-240	12
-220	13
-200	16
-180	46
-160	89
-140	196
-120	444
-100	1087
-80	2431
-60	5968
-40	12419
-20	21290
0	15333
20	2398
40	218
60	29
80	15
100	12
120	9
140	27
160	36
180	30
200	4
220	9
240	2
260	6
280	4
300	4
320	3
340	1
360	3
380	5
400	3
420	1
440	0
460	2
480	1
500	4
520	1
540	2
560	2
580	6
600	4
620	5
640	4
660	4
680	4
700	5
720	5
740	6
760	6
780	7
800	5
820	11
840	9
860	15
880	10
900	6
920	4
940	2
960	4
980	1
1000	4
1020	2
1040	3
1060	2
1080	5
1100	4
1120	3
1140	2
1160	0
1180	4
1200	2
1220	3
1240	4
1260	5
1280	5
1300	1
1320	4
1340	5
1360	4
1380	7
1400	6
1420	2
1440	3
1460	7
1480	3
1500	1
1520	6
1540	3
1560	7
1580	1
1600	1
1620	3
1640	1
1660	7
1680	6
1700	5
1720	4
1740	5
1760	6
1780	4
1800	4
1820	2
1840	1
1860	3
1880	4
1900	6
1920	6
1940	0
1960	7
1980	0
2000	2
2020	1
2040	4
2060	3
2080	3
2100	6
2120	2
2140	4
2160	4
2180	10
2200	6
2220	7
2240	6
2260	6
2280	3
2300	2
2320	2
2340	4
2360	2
2380	4
2400	1
2420	5
2440	4
2460	6
2480	4
2500	2
2520	5
2540	4
2560	4
2580	6
2600	6
2620	2
2640	3
2660	2
2680	4
2700	3
2720	5
2740	2
2760	5
2780	0
2800	8
2820	4
2840	4
2860	2
2880	3
2900	3
2920	3
2940	5
2960	4
2980	2
3000	5
3020	3
3040	4
3060	5
3080	3
3100	3
3120	3
3140	7
3160	4
3180	4
3200	3
3220	6
3240	4
3260	3
3280	2
3300	1
3320	2
3340	2
3360	6
3380	6
3400	6
3420	7
3440	4
3460	2
3480	1
3500	3
3520	1
3540	5
3560	5
3580	3
3600	0
3620	6
3640	1
3660	4
3680	6
3700	1
3720	5
3740	6
3760	2
3780	4
3800	0
3820	5
3840	4
3860	4
3880	2
3900	6
3920	5
3940	1
3960	3
3980	10
4000	12
4020	6
4040	6
4060	6
4080	6
4100	1
4120	0
4140	5
4160	4
4180	3
4200	4
4220	4
4240	2
4260	3
4280	4
4300	2
4320	4
4340	4
4360	0
4380	2
4400	5
4420	5
4440	6
4460	2
4480	7
4500	5
4520	4
4540	3
4560	2
4580	4
4600	2
4620	3
4640	5
4660	5
4680	2
4700	4
4720	3
4740	4
4760	4
4780	3
4800	4
4820	4
4840	2
4860	6
4880	6
4900	3
4920	7
4940	4
4960	2
4980	2
5000	4
5020	4
5040	5
5060	3
5080	4
5100	7
5120	6
5140	5
5160	7
5180	9
5200	5
5220	2
5240	3
5260	9
5280	6
5300	4
5320	0
5340	3
5360	3
5380	1
5400	0
5420	5
5440	4
5460	3
5480	4
5500	2
5520	2
5540	2
5560	2
5580	2
5600	4
5620	4
5640	5
5660	3
5680	3
5700	4
5720	0
5740	2
5760	9
5780	1
5800	5
5820	3
5840	1
5860	3
5880	5
5900	1
5920	1
5940	3
5960	3
5980	1
6000	5
6020	2
6040	0
6060	7
6080	6
6100	5
6120	3
6140	2
6160	4
6180	4
6200	3
6220	2
6240	4
6260	2
6280	5
6300	8
6320	1
6340	3
6360	4
6380	7
6400	2
6420	3
6440	3
6460	4
6480	3
6500	6
6520	7
6540	1
6560	3
6580	1
6600	4
6620	2
6640	2
6660	4
6680	5
6700	1
6720	4
6740	5
6760	9
6780	2
6800	1
6820	1
6840	4
6860	1
6880	2
6900	5
6920	4
6940	3
6960	3
6980	4
7000	3
7020	7
7040	4
7060	5
7080	3
7100	5
7120	2
7140	3
7160	4
7180	8
7200	9
7220	4
7240	3
7260	3
7280	2
7300	2
7320	4
7340	4
7360	2
7380	1
7400	6
7420	4
7440	3
7460	4
7480	4
7500	0
7520	1
7540	5
7560	2
7580	3
7600	1
7620	2
7640	5
7660	1
7680	4
7700	4
7720	5
7740	1
7760	5
7780	2
7800	4
7820	10
7840	3
7860	4
7880	5
7900	1
7920	4
7940	3
7960	5
7980	4
8000	8
8020	3
8040	5
8060	3
8080	4
8100	2
8120	0
8140	5
8160	1
8180	4
8200	3
8220	8
8240	4
8260	8
8280	4
8300	2
8320	6
8340	4
8360	1
8380	8
8400	3
8420	6
8440	5
8460	11
8480	8
8500	5
8520	3
8540	1
8560	2
8580	6
8600	3
8620	2
8640	4
8660	7
8680	6
8700	8
8720	4
8740	2
8760	6
8780	12
8800	2
8820	3
8840	2
8860	8
8880	7
8900	5
8920	2
8940	4
8960	1
8980	4
9000	3
9020	3
9040	5
9060	5
9080	7
9100	10
9120	1
9140	4
9160	8
9180	4
9200	5
9220	10
9240	15
9260	24
9280	26
9300	16
9320	16
9340	6
9360	7
9380	5
9400	6
9420	4
9440	6
9460	5
9480	6
9500	2
9520	1
9540	4
9560	2
9580	6
9600	3
9620	2
9640	4
9660	10
9680	3
9700	4
9720	7
9740	4
9760	1
9780	9
9800	3
9820	5
9840	7
9860	3
9880	3
9900	2
9920	3
9940	6
9960	4
9980	5
10000	7
10020	6
10040	5
10060	6
10080	6
10100	6
10120	5
10140	8
10160	2
10180	6
10200	4
10220	7
10240	4
10260	6
10280	9
10300	5
10320	7
10340	1
10360	2
10380	4
10400	6
10420	6
10440	3
10460	1
10480	4
10500	5
10520	4
10540	5
10560	5
10580	5
10600	4
10620	5
10640	0
10660	2
10680	4
10700	1
10720	6
10740	5
10760	6
10780	4
10800	3
10820	1
10840	5
10860	4
10880	3
10900	5
10920	4
10940	4
10960	6
10980	3
11000	6
11020	2
11040	5
11060	7
11080	4
11100	3
11120	6
11140	3
11160	3
11180	5
11200	9
11220	3
11240	4
11260	2
11280	5
11300	3
11320	4
11340	5
11360	5
11380	0
11400	5
11420	3
11440	3
11460	3
11480	3
11500	5
11520	4
11540	7
11560	6
11580	4
11600	5
11620	9
11640	1
11660	8
11680	1
11700	3
11720	6
11740	5
11760	6
11780	4
11800	5
11820	9
11840	4
11860	4
11880	6
11900	4
11920	4
11940	9
11960	4
11980	6
12000	8
12020	2
12040	4
12060	2
12080	7
12100	10
12120	2
12140	7
12160	4
12180	7
12200	9
12220	8
12240	16
12260	20
12280	22
12300	35
12320	54
12340	83
12360	199
12380	423
12400	880
12420	1986
12440	3966
12460	6425
12480	6649
12500	3019
12520	716
12540	133
12560	34
12580	24
12600	17
12620	16
12640	20
12660	15
12680	6
12700	6
12720	1
12740	8
12760	1
12780	5
12800	6
12820	3
12840	2
12860	3
12880	2
12900	4
12920	6
12940	4
12960	1
12980	0
13000	1
13020	2
13040	3
13060	3
13080	5
13100	3
13120	2
13140	4
13160	2
13180	5
13200	5
13220	3
13240	8
13260	4
13280	6
13300	6
13320	9
13340	5
13360	5
13380	9
13400	0
13420	3
13440	2
13460	4
13480	3
13500	4
13520	3
13540	1
13560	4
13580	7
13600	6
13620	5
13640	1
13660	1
13680	7
13700	2
13720	4
13740	2
13760	2
13780	1
13800	7
13820	4
13840	4
13860	5
13880	7
13900	7
13920	6
13940	2
13960	0
13980	1
14000	1
14020	2
14040	1
14060	3
14080	2
14100	2
14120	1
14140	6
14160	2
14180	3
14200	2
14220	0
14240	2
14260	2
14280	6
14300	1
14320	2
14340	4
14360	2
14380	2
14400	0
14420	5
14440	3
14460	4
14480	3
14500	5
14520	1
14540	2
14560	1
14580	3
14600	2
14620	7
14640	4
14660	4
14680	1
14700	7
14720	2
14740	4
14760	7
14780	1
14800	7
14820	0
14840	6
14860	1
14880	3
14900	2
14920	4
14940	5
14960	4
14980	1
15000	3
15020	6
15040	1
15060	2
15080	3
15100	1
15120	4
15140	1
15160	10
15180	3
15200	6
15220	5
15240	4
15260	3
15280	1
15300	4
15320	4
15340	4
15360	3
15380	7
15400	2
15420	2
15440	2
15460	4
15480	2
15500	3
15520	3
15540	3
15560	3
15580	3
15600	5
15620	2
15640	1
15660	1
15680	2
15700	2
15720	1
15740	4
15760	4
15780	0
15800	0
15820	5
15840	3
15860	1
15880	4
15900	3
15920	1
15940	3
15960	3
15980	4
16000	5
16020	3
16040	4
16060	1
16080	3
16100	2
16120	3
16140	3
16160	2
16180	4
16200	5
16220	3
16240	3
16260	7
16280	7
16300	4
16320	2
16340	5
16360	3
16380	5
16400	0
16420	2
16440	5
16460	7
16480	5
16500	6
16520	5
16540	0
16560	3
16580	4
16600	4
16620	5
16640	2
16660	4
16680	5
16700	2
16720	1
16740	5
16760	3
16780	1
16800	5
16820	3
16840	1
16860	7
16880	3
16900	2
16920	2
16940	5
16960	2
16980	3
17000	3
17020	8
17040	5
17060	2
17080	1
17100	5
17120	2
17140	5
17160	3
17180	5
17200	5
17220	6
17240	2
17260	7
17280	9
17300	6
17320	3
17340	6
17360	5
17380	3
17400	3
17420	1
17440	5
17460	6
17480	4
17500	3
17520	4
17540	5
17560	6
17580	9
17600	9
17620	4
17640	1
17660	4
17680	5
17700	5
17720	3
17740	2
17760	1
17780	3
17800	3
17820	10
17840	5
17860	4
17880	2
17900	1
17920	6
17940	2
17960	3
17980	4
18000	2
18020	8
18040	3
18060	3
18080	6
18100	3
18120	2
18140	4
18160	4
18180	2
18200	8
18220	1
18240	2
18260	5
18280	2
18300	0
18320	1
18340	2
18360	6
18380	4
18400	1
18420	2
18440	4
18460	4
18480	4
18500	3
18520	7
18540	5
18560	4
18580	3
18600	5
18620	2
18640	1
18660	4
18680	0
18700	1
18720	3
18740	6
18760	4
18780	3
18800	5
18820	2
18840	4
18860	5
18880	5
18900	1
18920	6
18940	2
18960	5
18980	6
19000	4
19020	5
19040	4
19060	3
19080	1
19100	6
19120	3
19140	2
19160	2
19180	5
19200	6
19220	5
19240	2
19260	4
19280	2
19300	4
19320	3
19340	6
19360	3
19380	4
19400	0
19420	2
19440	5
19460	3
19480	2
19500	3
19520	3
19540	2
19560	2
19580	1
19600	5
19620	6
19640	8
19660	4
19680	6
19700	1
19720	4
19740	2
19760	3
19780	0
19800	3
19820	4
19840	3
19860	2
19880	7
19900	1
19920	4
19940	2
19960	0
19980	6
