"Time differences (ps)"	"Counts per bin"
-20000	2
-19980	2
-19960	1
-19940	5
-19920	0
-19900	6
-19880	3
-19860	2
-19840	4
-19820	0
-19800	2
-19780	3
-19760	3
-19740	1
-19720	0
-19700	3
-19680	1
-19660	2
-19640	2
-19620	3
-19600	5
-19580	3
-19560	3
-19540	2
-19520	1
-19500	2
-19480	1
-19460	2
-19440	1
-19420	1
-19400	2
-19380	5
-19360	2
-19340	5
-19320	1
-19300	1
-19280	3
-19260	0
-19240	0
-19220	2
-19200	3
-19180	2
-19160	4
-19140	0
-19120	0
-19100	2
-19080	2
-19060	0
-19040	2
-19020	2
-19000	2
-18980	1
-18960	3
-18940	3
-18920	3
-18900	1
-18880	1
-18860	1
-18840	1
-18820	0
-18800	1
-18780	3
-18760	1
-18740	2
-18720	1
-18700	0
-18680	0
-18660	2
-18640	1
-18620	3
-18600	0
-18580	3
-18560	0
-18540	2
-18520	2
-18500	2
-18480	1
-18460	1
-18440	1
-18420	2
-18400	0
-18380	2
-18360	2
-18340	2
-18320	2
-18300	1
-18280	1
-18260	3
-18240	2
-18220	2
-18200	2
-18180	1
-18160	3
-18140	2
-18120	0
-18100	0
-18080	0
-18060	1
-18040	2
-18020	2
-18000	2
-17980	1
-17960	1
-17940	2
-17920	1
-17900	3
-17880	2
-17860	1
-17840	3
-17820	3
-17800	0
-17780	0
-17760	5
-17740	2
-17720	0
-17700	0
-17680	1
-17660	2
-17640	1
-17620	4
-17600	2
-17580	3
-17560	3
-17540	2
-17520	1
-17500	2
-17480	1
-17460	4
-17440	2
-17420	2
-17400	3
-17380	5
-17360	0
-17340	0
-17320	1
-17300	6
-17280	1
-17260	3
-17240	3
-17220	2
-17200	1
-17180	0
-17160	1
-17140	0
-17120	1
-17100	1
-17080	1
-17060	2
-17040	3
-17020	0
-17000	0
-16980	2
-16960	0
-16940	2
-16920	1
-16900	3
-16880	1
-16860	2
-16840	6
-16820	2
-16800	3
-16780	0
-16760	1
-16740	2
-16720	2
-16700	3
-16680	1
-16660	4
-16640	4
-16620	3
-16600	2
-16580	4
-16560	3
-16540	5
-16520	9
-16500	8
-16480	2
-16460	4
-16440	2
-16420	2
-16400	1
-16380	1
-16360	2
-16340	4
-16320	0
-16300	5
-16280	2
-16260	2
-16240	2
-16220	2
-16200	3
-16180	5
-16160	3
-16140	2
-16120	0
-16100	1
-16080	4
-16060	3
-16040	0
-16020	1
-16000	3
-15980	0
-15960	3
-15940	5
-15920	4
-15900	2
-15880	1
-15860	4
-15840	1
-15820	3
-15800	2
-15780	2
-15760	3
-15740	9
-15720	9
-15700	14
-15680	9
-15660	4
-15640	3
-15620	1
-15600	1
-15580	2
-15560	5
-15540	3
-15520	4
-15500	0
-15480	6
-15460	2
-15440	1
-15420	2
-15400	2
-15380	2
-15360	2
-15340	3
-15320	1
-15300	1
-15280	1
-15260	0
-15240	5
-15220	0
-15200	2
-15180	0
-15160	2
-15140	2
-15120	0
-15100	1
-15080	3
-15060	4
-15040	1
-15020	1
-15000	6
-14980	3
-14960	3
-14940	1
-14920	1
-14900	0
-14880	1
-14860	3
-14840	2
-14820	4
-14800	1
-14780	4
-14760	1
-14740	3
-14720	1
-14700	3
-14680	3
-14660	4
-14640	3
-14620	4
-14600	0
-14580	4
-14560	1
-14540	2
-14520	2
-14500	4
-14480	0
-14460	4
-14440	1
-14420	3
-14400	3
-14380	3
-14360	2
-14340	0
-14320	2
-14300	1
-14280	4
-14260	1
-14240	4
-14220	2
-14200	3
-14180	2
-14160	2
-14140	5
-14120	4
-14100	3
-14080	3
-14060	2
-14040	3
-14020	3
-14000	2
-13980	1
-13960	0
-13940	4
-13920	1
-13900	0
-13880	1
-13860	2
-13840	2
-13820	6
-13800	2
-13780	0
-13760	3
-13740	5
-13720	4
-13700	0
-13680	3
-13660	3
-13640	3
-13620	2
-13600	4
-13580	2
-13560	2
-13540	5
-13520	1
-13500	0
-13480	2
-13460	1
-13440	4
-13420	5
-13400	2
-13380	4
-13360	3
-13340	2
-13320	3
-13300	6
-13280	4
-13260	1
-13240	5
-13220	2
-13200	0
-13180	1
-13160	2
-13140	3
-13120	4
-13100	2
-13080	4
-13060	3
-13040	5
-13020	4
-13000	7
-12980	2
-12960	3
-12940	3
-12920	5
-12900	1
-12880	3
-12860	0
-12840	3
-12820	1
-12800	7
-12780	6
-12760	5
-12740	9
-12720	5
-12700	7
-12680	28
-12660	35
-12640	73
-12620	116
-12600	283
-12580	686
-12560	1390
-12540	2819
-12520	5233
-12500	7141
-12480	5059
-12460	1507
-12440	317
-12420	44
-12400	20
-12380	4
-12360	9
-12340	6
-12320	7
-12300	5
-12280	6
-12260	0
-12240	4
-12220	1
-12200	2
-12180	1
-12160	2
-12140	2
-12120	1
-12100	0
-12080	3
-12060	1
-12040	0
-12020	2
-12000	3
-11980	0
-11960	1
-11940	0
-11920	1
-11900	4
-11880	1
-11860	1
-11840	0
-11820	4
-11800	0
-11780	0
-11760	4
-11740	2
-11720	1
-11700	1
-11680	3
-11660	2
-11640	1
-11620	5
-11600	1
-11580	2
-11560	0
-11540	1
-11520	4
-11500	1
-11480	0
-11460	2
-11440	0
-11420	3
-11400	2
-11380	1
-11360	1
-11340	0
-11320	2
-11300	0
-11280	0
-11260	2
-11240	1
-11220	2
-11200	1
-11180	4
-11160	3
-11140	2
-11120	10
-11100	7
-11080	4
-11060	6
-11040	4
-11020	1
-11000	1
-10980	0
-10960	0
-10940	2
-10920	0
-10900	1
-10880	1
-10860	3
-10840	0
-10820	0
-10800	0
-10780	1
-10760	2
-10740	1
-10720	1
-10700	1
-10680	2
-10660	2
-10640	2
-10620	0
-10600	0
-10580	0
-10560	2
-10540	2
-10520	4
-10500	0
-10480	1
-10460	0
-10440	2
-10420	1
-10400	0
-10380	1
-10360	1
-10340	1
-10320	0
-10300	1
-10280	0
-10260	0
-10240	3
-10220	2
-10200	1
-10180	1
-10160	0
-10140	1
-10120	0
-10100	1
-10080	3
-10060	3
-10040	1
-10020	2
-10000	0
-9980	2
-9960	2
-9940	1
-9920	0
-9900	1
-9880	3
-9860	1
-9840	3
-9820	2
-9800	1
-9780	0
-9760	1
-9740	0
-9720	0
-9700	1
-9680	3
-9660	0
-9640	1
-9620	1
-9600	1
-9580	1
-9560	1
-9540	2
-9520	2
-9500	2
-9480	2
-9460	0
-9440	0
-9420	2
-9400	3
-9380	3
-9360	0
-9340	0
-9320	0
-9300	1
-9280	0
-9260	3
-9240	0
-9220	0
-9200	2
-9180	3
-9160	4
-9140	0
-9120	1
-9100	3
-9080	2
-9060	0
-9040	2
-9020	0
-9000	3
-8980	1
-8960	1
-8940	1
-8920	0
-8900	1
-8880	2
-8860	2
-8840	1
-8820	3
-8800	0
-8780	0
-8760	1
-8740	4
-8720	1
-8700	0
-8680	1
-8660	0
-8640	2
-8620	2
-8600	0
-8580	2
-8560	1
-8540	0
-8520	6
-8500	5
-8480	6
-8460	2
-8440	3
-8420	0
-8400	0
-8380	2
-8360	3
-8340	2
-8320	1
-8300	2
-8280	1
-8260	1
-8240	1
-8220	1
-8200	1
-8180	3
-8160	1
-8140	3
-8120	0
-8100	1
-8080	1
-8060	2
-8040	1
-8020	2
-8000	3
-7980	3
-7960	3
-7940	1
-7920	2
-7900	0
-7880	2
-7860	0
-7840	2
-7820	1
-7800	3
-7780	2
-7760	2
-7740	0
-7720	1
-7700	5
-7680	2
-7660	2
-7640	4
-7620	5
-7600	4
-7580	3
-7560	1
-7540	1
-7520	1
-7500	0
-7480	0
-7460	1
-7440	4
-7420	1
-7400	4
-7380	3
-7360	0
-7340	1
-7320	3
-7300	1
-7280	5
-7260	2
-7240	1
-7220	1
-7200	4
-7180	0
-7160	0
-7140	2
-7120	1
-7100	4
-7080	2
-7060	1
-7040	1
-7020	1
-7000	3
-6980	0
-6960	4
-6940	0
-6920	2
-6900	0
-6880	2
-6860	2
-6840	1
-6820	0
-6800	0
-6780	2
-6760	0
-6740	0
-6720	1
-6700	1
-6680	0
-6660	0
-6640	1
-6620	3
-6600	1
-6580	1
-6560	2
-6540	1
-6520	0
-6500	1
-6480	0
-6460	1
-6440	0
-6420	1
-6400	1
-6380	0
-6360	2
-6340	0
-6320	0
-6300	3
-6280	1
-6260	0
-6240	0
-6220	1
-6200	1
-6180	2
-6160	1
-6140	3
-6120	4
-6100	0
-6080	2
-6060	1
-6040	1
-6020	2
-6000	1
-5980	1
-5960	4
-5940	2
-5920	2
-5900	2
-5880	1
-5860	1
-5840	0
-5820	4
-5800	0
-5780	2
-5760	1
-5740	0
-5720	2
-5700	1
-5680	0
-5660	2
-5640	2
-5620	3
-5600	2
-5580	2
-5560	4
-5540	5
-5520	1
-5500	0
-5480	2
-5460	0
-5440	0
-5420	0
-5400	3
-5380	1
-5360	1
-5340	1
-5320	0
-5300	1
-5280	0
-5260	1
-5240	1
-5220	1
-5200	1
-5180	0
-5160	2
-5140	1
-5120	5
-5100	0
-5080	3
-5060	0
-5040	1
-5020	0
-5000	0
-4980	1
-4960	2
-4940	4
-4920	1
-4900	2
-4880	1
-4860	2
-4840	0
-4820	1
-4800	1
-4780	1
-4760	2
-4740	0
-4720	0
-4700	2
-4680	2
-4660	1
-4640	1
-4620	3
-4600	0
-4580	0
-4560	1
-4540	1
-4520	2
-4500	2
-4480	1
-4460	2
-4440	2
-4420	3
-4400	1
-4380	3
-4360	2
-4340	0
-4320	1
-4300	0
-4280	0
-4260	3
-4240	3
-4220	1
-4200	3
-4180	1
-4160	2
-4140	0
-4120	0
-4100	3
-4080	5
-4060	4
-4040	3
-4020	7
-4000	2
-3980	2
-3960	1
-3940	3
-3920	1
-3900	1
-3880	1
-3860	4
-3840	0
-3820	1
-3800	5
-3780	2
-3760	0
-3740	1
-3720	0
-3700	1
-3680	1
-3660	1
-3640	2
-3620	1
-3600	0
-3580	1
-3560	1
-3540	2
-3520	1
-3500	1
-3480	0
-3460	2
-3440	1
-3420	0
-3400	0
-3380	2
-3360	3
-3340	1
-3320	0
-3300	6
-3280	1
-3260	2
-3240	5
-3220	15
-3200	11
-3180	4
-3160	4
-3140	4
-3120	0
-3100	0
-3080	0
-3060	0
-3040	0
-3020	2
-3000	1
-2980	1
-2960	0
-2940	3
-2920	5
-2900	1
-2880	0
-2860	1
-2840	4
-2820	1
-2800	0
-2780	3
-2760	3
-2740	2
-2720	1
-2700	1
-2680	0
-2660	2
-2640	2
-2620	0
-2600	0
-2580	2
-2560	2
-2540	3
-2520	1
-2500	2
-2480	2
-2460	1
-2440	2
-2420	0
-2400	0
-2380	3
-2360	1
-2340	2
-2320	1
-2300	2
-2280	3
-2260	1
-2240	0
-2220	2
-2200	2
-2180	0
-2160	2
-2140	0
-2120	2
-2100	1
-2080	1
-2060	2
-2040	2
-2020	1
-2000	2
-1980	3
-1960	2
-1940	1
-1920	1
-1900	1
-1880	1
-1860	0
-1840	0
-1820	1
-1800	0
-1780	2
-1760	2
-1740	4
-1720	1
-1700	0
-1680	1
-1660	0
-1640	3
-1620	1
-1600	2
-1580	1
-1560	0
-1540	2
-1520	4
-1500	2
-1480	1
-1460	2
-1440	2
-1420	1
-1400	2
-1380	2
-1360	2
-1340	2
-1320	1
-1300	0
-1280	1
-1260	2
-1240	2
-1220	3
-1200	0
-1180	3
-1160	1
-1140	0
-1120	2
-1100	1
-1080	1
-1060	2
-1040	1
-1020	1
-1000	4
-980	1
-960	6
-940	1
-920	6
-900	1
-880	2
-860	1
-840	3
-820	0
-800	3
-780	0
-760	0
-740	2
-720	1
-700	4
-680	3
-660	1
-640	1
-620	1
-600	0
-580	2
-560	0
-540	1
-520	5
-500	1
-480	2
-460	2
-440	3
-420	0
-400	1
-380	2
-360	2
-340	1
-320	5
-300	2
-280	4
-260	5
-240	8
-220	15
-200	13
-180	29
-160	72
-140	139
-120	279
-100	545
-80	1142
-60	2057
-40	3278
-20	3846
0	2200
20	379
40	52
60	18
80	9
100	6
120	10
140	8
160	11
180	4
200	3
220	4
240	6
260	3
280	2
300	4
320	5
340	3
360	5
380	4
400	5
420	3
440	5
460	2
480	4
500	7
520	1
540	5
560	3
580	1
600	2
620	2
640	4
660	1
680	5
700	5
720	5
740	7
760	6
780	6
800	5
820	8
840	7
860	7
880	4
900	4
920	4
940	4
960	2
980	3
1000	2
1020	3
1040	3
1060	4
1080	3
1100	4
1120	2
1140	2
1160	9
1180	3
1200	6
1220	6
1240	4
1260	5
1280	1
1300	3
1320	3
1340	7
1360	1
1380	10
1400	11
1420	6
1440	4
1460	2
1480	1
1500	2
1520	1
1540	3
1560	5
1580	4
1600	1
1620	7
1640	5
1660	4
1680	4
1700	3
1720	5
1740	4
1760	3
1780	7
1800	4
1820	5
1840	3
1860	1
1880	3
1900	7
1920	1
1940	6
1960	2
1980	3
2000	5
2020	3
2040	5
2060	1
2080	4
2100	2
2120	2
2140	5
2160	1
2180	4
2200	5
2220	0
2240	3
2260	4
2280	2
2300	7
2320	3
2340	1
2360	3
2380	1
2400	2
2420	4
2440	3
2460	2
2480	7
2500	2
2520	1
2540	8
2560	3
2580	4
2600	5
2620	6
2640	5
2660	4
2680	3
2700	6
2720	5
2740	2
2760	2
2780	2
2800	1
2820	3
2840	8
2860	3
2880	2
2900	5
2920	3
2940	3
2960	7
2980	3
3000	2
3020	4
3040	3
3060	8
3080	2
3100	3
3120	5
3140	4
3160	5
3180	5
3200	4
3220	2
3240	2
3260	5
3280	2
3300	3
3320	4
3340	7
3360	1
3380	3
3400	3
3420	3
3440	3
3460	2
3480	5
3500	1
3520	3
3540	6
3560	3
3580	5
3600	4
3620	5
3640	6
3660	9
3680	5
3700	7
3720	4
3740	1
3760	4
3780	1
3800	3
3820	3
3840	3
3860	2
3880	3
3900	4
3920	1
3940	4
3960	8
3980	8
4000	8
4020	4
4040	1
4060	4
4080	2
4100	7
4120	7
4140	5
4160	5
4180	7
4200	3
4220	0
4240	2
4260	6
4280	3
4300	2
4320	1
4340	1
4360	3
4380	3
4400	1
4420	2
4440	7
4460	0
4480	3
4500	1
4520	0
4540	2
4560	0
4580	1
4600	5
4620	3
4640	2
4660	4
4680	4
4700	6
4720	7
4740	3
4760	7
4780	5
4800	5
4820	3
4840	9
4860	3
4880	2
4900	6
4920	4
4940	4
4960	2
4980	1
5000	5
5020	11
5040	2
5060	5
5080	6
5100	7
5120	1
5140	6
5160	2
5180	4
5200	4
5220	2
5240	5
5260	2
5280	3
5300	6
5320	2
5340	3
5360	3
5380	2
5400	4
5420	1
5440	1
5460	5
5480	5
5500	2
5520	5
5540	6
5560	1
5580	1
5600	0
5620	4
5640	3
5660	6
5680	6
5700	4
5720	2
5740	2
5760	3
5780	4
5800	2
5820	2
5840	5
5860	3
5880	3
5900	7
5920	2
5940	5
5960	3
5980	2
6000	3
6020	2
6040	2
6060	6
6080	5
6100	3
6120	4
6140	6
6160	1
6180	1
6200	5
6220	4
6240	4
6260	4
6280	2
6300	11
6320	2
6340	1
6360	2
6380	2
6400	7
6420	2
6440	4
6460	5
6480	4
6500	5
6520	2
6540	7
6560	5
6580	4
6600	5
6620	1
6640	1
6660	3
6680	6
6700	3
6720	4
6740	3
6760	2
6780	1
6800	3
6820	4
6840	4
6860	5
6880	1
6900	2
6920	4
6940	3
6960	3
6980	7
7000	1
7020	5
7040	2
7060	4
7080	3
7100	5
7120	6
7140	5
7160	3
7180	4
7200	1
7220	3
7240	4
7260	5
7280	5
7300	7
7320	6
7340	3
7360	3
7380	2
7400	5
7420	2
7440	3
7460	3
7480	2
7500	5
7520	6
7540	5
7560	4
7580	4
7600	4
7620	3
7640	2
7660	5
7680	4
7700	5
7720	4
7740	2
7760	2
7780	6
7800	2
7820	0
7840	6
7860	5
7880	3
7900	6
7920	4
7940	3
7960	6
7980	1
8000	1
8020	3
8040	4
8060	3
8080	5
8100	3
8120	3
8140	1
8160	3
8180	5
8200	8
8220	3
8240	4
8260	4
8280	4
8300	4
8320	4
8340	4
8360	4
8380	2
8400	9
8420	5
8440	7
8460	6
8480	12
8500	5
8520	5
8540	4
8560	2
8580	4
8600	2
8620	2
8640	2
8660	5
8680	6
8700	7
8720	5
8740	9
8760	3
8780	2
8800	3
8820	6
8840	6
8860	4
8880	3
8900	5
8920	5
8940	3
8960	5
8980	2
9000	1
9020	4
9040	3
9060	5
9080	2
9100	6
9120	5
9140	2
9160	9
9180	4
9200	5
9220	6
9240	8
9260	14
9280	21
9300	18
9320	8
9340	10
9360	5
9380	4
9400	3
9420	4
9440	8
9460	3
9480	2
9500	4
9520	8
9540	1
9560	3
9580	2
9600	5
9620	2
9640	6
9660	4
9680	2
9700	4
9720	8
9740	2
9760	4
9780	3
9800	7
9820	4
9840	2
9860	5
9880	5
9900	4
9920	3
9940	3
9960	3
9980	7
10000	4
10020	1
10040	2
10060	2
10080	5
10100	5
10120	3
10140	5
10160	2
10180	7
10200	3
10220	3
10240	3
10260	7
10280	3
10300	9
10320	4
10340	3
10360	6
10380	3
10400	5
10420	4
10440	6
10460	1
10480	9
10500	7
10520	2
10540	1
10560	3
10580	3
10600	3
10620	5
10640	5
10660	4
10680	3
10700	6
10720	3
10740	2
10760	3
10780	7
10800	2
10820	4
10840	7
10860	5
10880	6
10900	2
10920	5
10940	6
10960	2
10980	6
11000	3
11020	7
11040	6
11060	7
11080	3
11100	6
11120	4
11140	6
11160	7
11180	5
11200	7
11220	7
11240	6
11260	6
11280	5
11300	6
11320	4
11340	5
11360	11
11380	5
11400	6
11420	7
11440	5
11460	4
11480	3
11500	5
11520	5
11540	3
11560	6
11580	4
11600	14
11620	14
11640	6
11660	4
11680	1
11700	3
11720	7
11740	5
11760	6
11780	3
11800	4
11820	2
11840	6
11860	7
11880	5
11900	4
11920	5
11940	7
11960	7
11980	5
12000	13
12020	6
12040	6
12060	3
12080	6
12100	6
12120	5
12140	5
12160	5
12180	5
12200	9
12220	11
12240	12
12260	10
12280	24
12300	32
12320	56
12340	116
12360	182
12380	428
12400	915
12420	1932
12440	3927
12460	6616
12480	6919
12500	3288
12520	787
12540	156
12560	37
12580	19
12600	17
12620	6
12640	21
12660	26
12680	7
12700	7
12720	6
12740	3
12760	5
12780	3
12800	4
12820	2
12840	3
12860	3
12880	3
12900	2
12920	4
12940	2
12960	3
12980	4
13000	1
13020	0
13040	5
13060	3
13080	5
13100	3
13120	4
13140	4
13160	6
13180	7
13200	2
13220	5
13240	3
13260	8
13280	6
13300	6
13320	4
13340	8
13360	10
13380	3
13400	4
13420	4
13440	3
13460	2
13480	6
13500	6
13520	3
13540	5
13560	5
13580	4
13600	3
13620	6
13640	6
13660	6
13680	3
13700	3
13720	7
13740	5
13760	2
13780	2
13800	8
13820	1
13840	9
13860	10
13880	6
13900	12
13920	2
13940	1
13960	3
13980	4
14000	2
14020	3
14040	3
14060	1
14080	3
14100	5
14120	5
14140	3
14160	3
14180	4
14200	2
14220	4
14240	4
14260	2
14280	4
14300	3
14320	4
14340	1
14360	6
14380	4
14400	3
14420	5
14440	3
14460	3
14480	2
14500	4
14520	3
14540	1
14560	2
14580	1
14600	3
14620	5
14640	4
14660	5
14680	3
14700	4
14720	4
14740	3
14760	6
14780	2
14800	1
14820	2
14840	2
14860	3
14880	3
14900	4
14920	3
14940	4
14960	2
14980	3
15000	4
15020	2
15040	2
15060	5
15080	3
15100	1
15120	1
15140	5
15160	2
15180	2
15200	3
15220	2
15240	3
15260	3
15280	6
15300	3
15320	3
15340	1
15360	8
15380	2
15400	5
15420	5
15440	3
15460	5
15480	1
15500	5
15520	3
15540	6
15560	7
15580	1
15600	5
15620	3
15640	2
15660	3
15680	4
15700	4
15720	2
15740	2
15760	6
15780	7
15800	3
15820	3
15840	3
15860	3
15880	5
15900	7
15920	4
15940	4
15960	2
15980	0
16000	4
16020	7
16040	3
16060	2
16080	3
16100	3
16120	4
16140	4
16160	5
16180	0
16200	3
16220	1
16240	3
16260	6
16280	3
16300	3
16320	4
16340	2
16360	3
16380	5
16400	1
16420	1
16440	4
16460	8
16480	6
16500	3
16520	5
16540	1
16560	7
16580	6
16600	4
16620	3
16640	2
16660	3
16680	4
16700	3
16720	2
16740	3
16760	3
16780	5
16800	3
16820	3
16840	0
16860	3
16880	2
16900	3
16920	4
16940	3
16960	7
16980	4
17000	3
17020	2
17040	3
17060	3
17080	5
17100	4
17120	1
17140	5
17160	4
17180	3
17200	3
17220	7
17240	2
17260	5
17280	2
17300	7
17320	1
17340	6
17360	3
17380	13
17400	7
17420	6
17440	2
17460	2
17480	5
17500	2
17520	6
17540	4
17560	6
17580	7
17600	5
17620	2
17640	4
17660	3
17680	4
17700	6
17720	1
17740	7
17760	3
17780	4
17800	4
17820	4
17840	1
17860	2
17880	2
17900	3
17920	5
17940	2
17960	3
17980	2
18000	1
18020	4
18040	3
18060	4
18080	3
18100	4
18120	2
18140	5
18160	2
18180	4
18200	6
18220	3
18240	3
18260	6
18280	4
18300	5
18320	3
18340	7
18360	4
18380	4
18400	3
18420	6
18440	1
18460	5
18480	5
18500	2
18520	6
18540	2
18560	3
18580	2
18600	6
18620	2
18640	0
18660	3
18680	2
18700	3
18720	4
18740	0
18760	4
18780	4
18800	3
18820	3
18840	8
18860	3
18880	3
18900	3
18920	2
18940	3
18960	5
18980	3
19000	2
19020	2
19040	2
19060	2
19080	5
19100	5
19120	2
19140	6
19160	3
19180	4
19200	2
19220	2
19240	4
19260	5
19280	4
19300	1
19320	6
19340	4
19360	2
19380	6
19400	5
19420	5
19440	0
19460	3
19480	4
19500	3
19520	3
19540	2
19560	3
19580	3
19600	0
19620	0
19640	1
19660	2
19680	3
19700	5
19720	5
19740	2
19760	4
19780	5
19800	1
19820	1
19840	5
19860	4
19880	1
19900	4
19920	2
19940	2
19960	1
19980	8
