"Time differences (ps)"	"Counts per bin"
-20000	0
-19980	3
-19960	2
-19940	1
-19920	2
-19900	1
-19880	7
-19860	4
-19840	2
-19820	2
-19800	1
-19780	1
-19760	3
-19740	0
-19720	0
-19700	2
-19680	1
-19660	1
-19640	1
-19620	0
-19600	1
-19580	1
-19560	3
-19540	1
-19520	2
-19500	3
-19480	3
-19460	2
-19440	1
-19420	1
-19400	2
-19380	1
-19360	1
-19340	1
-19320	2
-19300	1
-19280	1
-19260	1
-19240	2
-19220	1
-19200	1
-19180	1
-19160	2
-19140	0
-19120	0
-19100	2
-19080	1
-19060	2
-19040	2
-19020	1
-19000	3
-18980	0
-18960	3
-18940	1
-18920	2
-18900	5
-18880	0
-18860	3
-18840	0
-18820	3
-18800	4
-18780	2
-18760	2
-18740	2
-18720	1
-18700	0
-18680	2
-18660	1
-18640	1
-18620	0
-18600	0
-18580	0
-18560	2
-18540	1
-18520	2
-18500	3
-18480	0
-18460	2
-18440	1
-18420	0
-18400	2
-18380	2
-18360	2
-18340	0
-18320	5
-18300	1
-18280	0
-18260	0
-18240	0
-18220	0
-18200	3
-18180	2
-18160	2
-18140	4
-18120	2
-18100	4
-18080	1
-18060	3
-18040	0
-18020	3
-18000	2
-17980	1
-17960	3
-17940	1
-17920	0
-17900	0
-17880	3
-17860	3
-17840	2
-17820	1
-17800	2
-17780	0
-17760	1
-17740	0
-17720	1
-17700	0
-17680	1
-17660	2
-17640	1
-17620	2
-17600	0
-17580	2
-17560	1
-17540	0
-17520	2
-17500	3
-17480	3
-17460	1
-17440	0
-17420	3
-17400	0
-17380	3
-17360	3
-17340	2
-17320	5
-17300	2
-17280	4
-17260	1
-17240	1
-17220	2
-17200	3
-17180	1
-17160	2
-17140	8
-17120	1
-17100	2
-17080	3
-17060	2
-17040	3
-17020	0
-17000	3
-16980	4
-16960	3
-16940	2
-16920	0
-16900	0
-16880	0
-16860	5
-16840	2
-16820	0
-16800	1
-16780	5
-16760	1
-16740	2
-16720	2
-16700	0
-16680	1
-16660	3
-16640	3
-16620	0
-16600	1
-16580	2
-16560	0
-16540	3
-16520	2
-16500	11
-16480	4
-16460	4
-16440	3
-16420	2
-16400	1
-16380	1
-16360	0
-16340	1
-16320	0
-16300	1
-16280	2
-16260	4
-16240	0
-16220	2
-16200	1
-16180	3
-16160	5
-16140	1
-16120	1
-16100	1
-16080	3
-16060	4
-16040	1
-16020	1
-16000	2
-15980	1
-15960	2
-15940	2
-15920	0
-15900	5
-15880	3
-15860	2
-15840	3
-15820	1
-15800	7
-15780	6
-15760	7
-15740	6
-15720	8
-15700	17
-15680	10
-15660	5
-15640	1
-15620	3
-15600	5
-15580	3
-15560	0
-15540	4
-15520	0
-15500	3
-15480	1
-15460	4
-15440	2
-15420	1
-15400	1
-15380	3
-15360	2
-15340	1
-15320	0
-15300	4
-15280	2
-15260	0
-15240	3
-15220	1
-15200	4
-15180	2
-15160	3
-15140	3
-15120	1
-15100	2
-15080	1
-15060	3
-15040	3
-15020	5
-15000	3
-14980	2
-14960	3
-14940	2
-14920	0
-14900	2
-14880	1
-14860	2
-14840	0
-14820	0
-14800	3
-14780	2
-14760	2
-14740	2
-14720	0
-14700	2
-14680	2
-14660	0
-14640	3
-14620	0
-14600	1
-14580	1
-14560	4
-14540	1
-14520	5
-14500	5
-14480	2
-14460	2
-14440	1
-14420	3
-14400	3
-14380	3
-14360	2
-14340	2
-14320	1
-14300	4
-14280	2
-14260	3
-14240	1
-14220	1
-14200	0
-14180	1
-14160	0
-14140	5
-14120	3
-14100	1
-14080	3
-14060	3
-14040	2
-14020	3
-14000	3
-13980	2
-13960	3
-13940	1
-13920	4
-13900	2
-13880	0
-13860	2
-13840	3
-13820	4
-13800	1
-13780	0
-13760	0
-13740	7
-13720	5
-13700	4
-13680	5
-13660	0
-13640	2
-13620	1
-13600	4
-13580	3
-13560	3
-13540	1
-13520	2
-13500	3
-13480	2
-13460	1
-13440	2
-13420	3
-13400	1
-13380	5
-13360	3
-13340	3
-13320	5
-13300	5
-13280	2
-13260	2
-13240	1
-13220	0
-13200	3
-13180	0
-13160	2
-13140	4
-13120	2
-13100	4
-13080	2
-13060	2
-13040	5
-13020	5
-13000	4
-12980	0
-12960	2
-12940	4
-12920	1
-12900	4
-12880	2
-12860	4
-12840	4
-12820	1
-12800	6
-12780	2
-12760	3
-12740	9
-12720	6
-12700	7
-12680	12
-12660	18
-12640	34
-12620	51
-12600	119
-12580	298
-12560	808
-12540	2258
-12520	5286
-12500	8373
-12480	6081
-12460	1761
-12440	381
-12420	76
-12400	23
-12380	9
-12360	5
-12340	7
-12320	5
-12300	6
-12280	2
-12260	1
-12240	2
-12220	2
-12200	1
-12180	2
-12160	0
-12140	2
-12120	2
-12100	2
-12080	1
-12060	0
-12040	0
-12020	3
-12000	4
-11980	0
-11960	0
-11940	0
-11920	1
-11900	2
-11880	3
-11860	1
-11840	1
-11820	0
-11800	0
-11780	2
-11760	2
-11740	2
-11720	1
-11700	0
-11680	2
-11660	1
-11640	3
-11620	2
-11600	0
-11580	2
-11560	2
-11540	2
-11520	1
-11500	3
-11480	2
-11460	2
-11440	0
-11420	1
-11400	1
-11380	2
-11360	1
-11340	5
-11320	1
-11300	1
-11280	1
-11260	0
-11240	1
-11220	1
-11200	1
-11180	3
-11160	1
-11140	3
-11120	5
-11100	2
-11080	10
-11060	4
-11040	1
-11020	3
-11000	0
-10980	0
-10960	1
-10940	1
-10920	3
-10900	0
-10880	3
-10860	0
-10840	1
-10820	0
-10800	0
-10780	2
-10760	1
-10740	2
-10720	4
-10700	0
-10680	1
-10660	0
-10640	1
-10620	1
-10600	0
-10580	0
-10560	2
-10540	2
-10520	0
-10500	1
-10480	0
-10460	1
-10440	2
-10420	2
-10400	1
-10380	1
-10360	3
-10340	3
-10320	1
-10300	3
-10280	2
-10260	0
-10240	3
-10220	1
-10200	2
-10180	2
-10160	2
-10140	0
-10120	1
-10100	2
-10080	0
-10060	1
-10040	0
-10020	1
-10000	0
-9980	2
-9960	0
-9940	1
-9920	2
-9900	1
-9880	1
-9860	0
-9840	1
-9820	5
-9800	1
-9780	0
-9760	1
-9740	3
-9720	0
-9700	0
-9680	0
-9660	3
-9640	0
-9620	3
-9600	1
-9580	0
-9560	1
-9540	2
-9520	1
-9500	1
-9480	3
-9460	1
-9440	2
-9420	1
-9400	3
-9380	1
-9360	0
-9340	0
-9320	0
-9300	0
-9280	2
-9260	3
-9240	2
-9220	5
-9200	1
-9180	1
-9160	1
-9140	1
-9120	0
-9100	1
-9080	0
-9060	2
-9040	1
-9020	0
-9000	0
-8980	4
-8960	3
-8940	1
-8920	0
-8900	3
-8880	1
-8860	2
-8840	2
-8820	3
-8800	1
-8780	0
-8760	2
-8740	1
-8720	1
-8700	0
-8680	2
-8660	1
-8640	0
-8620	2
-8600	4
-8580	2
-8560	1
-8540	0
-8520	3
-8500	5
-8480	6
-8460	2
-8440	0
-8420	1
-8400	1
-8380	1
-8360	0
-8340	3
-8320	3
-8300	0
-8280	1
-8260	1
-8240	2
-8220	2
-8200	1
-8180	2
-8160	0
-8140	2
-8120	1
-8100	1
-8080	1
-8060	1
-8040	0
-8020	1
-8000	1
-7980	1
-7960	0
-7940	0
-7920	2
-7900	1
-7880	3
-7860	0
-7840	2
-7820	2
-7800	1
-7780	4
-7760	2
-7740	2
-7720	0
-7700	0
-7680	2
-7660	6
-7640	3
-7620	4
-7600	4
-7580	3
-7560	0
-7540	1
-7520	0
-7500	2
-7480	0
-7460	0
-7440	2
-7420	1
-7400	2
-7380	5
-7360	1
-7340	1
-7320	2
-7300	1
-7280	3
-7260	1
-7240	2
-7220	0
-7200	1
-7180	2
-7160	2
-7140	1
-7120	1
-7100	2
-7080	2
-7060	1
-7040	2
-7020	0
-7000	3
-6980	0
-6960	0
-6940	0
-6920	2
-6900	1
-6880	0
-6860	2
-6840	0
-6820	1
-6800	0
-6780	0
-6760	2
-6740	2
-6720	1
-6700	0
-6680	3
-6660	1
-6640	2
-6620	1
-6600	1
-6580	0
-6560	0
-6540	1
-6520	1
-6500	1
-6480	0
-6460	1
-6440	1
-6420	2
-6400	1
-6380	2
-6360	0
-6340	1
-6320	2
-6300	2
-6280	0
-6260	3
-6240	2
-6220	2
-6200	0
-6180	0
-6160	2
-6140	2
-6120	0
-6100	0
-6080	2
-6060	1
-6040	0
-6020	1
-6000	1
-5980	1
-5960	0
-5940	1
-5920	1
-5900	1
-5880	0
-5860	0
-5840	2
-5820	3
-5800	0
-5780	0
-5760	0
-5740	1
-5720	0
-5700	1
-5680	3
-5660	1
-5640	1
-5620	2
-5600	1
-5580	4
-5560	0
-5540	2
-5520	0
-5500	0
-5480	2
-5460	2
-5440	3
-5420	2
-5400	2
-5380	2
-5360	2
-5340	0
-5320	1
-5300	2
-5280	1
-5260	0
-5240	1
-5220	1
-5200	2
-5180	0
-5160	1
-5140	0
-5120	1
-5100	2
-5080	1
-5060	0
-5040	2
-5020	3
-5000	4
-4980	5
-4960	1
-4940	2
-4920	4
-4900	1
-4880	2
-4860	2
-4840	2
-4820	2
-4800	0
-4780	0
-4760	3
-4740	0
-4720	1
-4700	1
-4680	6
-4660	2
-4640	0
-4620	1
-4600	1
-4580	1
-4560	0
-4540	5
-4520	1
-4500	0
-4480	2
-4460	1
-4440	1
-4420	0
-4400	2
-4380	1
-4360	0
-4340	0
-4320	4
-4300	1
-4280	1
-4260	2
-4240	1
-4220	2
-4200	2
-4180	3
-4160	1
-4140	0
-4120	2
-4100	2
-4080	3
-4060	3
-4040	8
-4020	3
-4000	2
-3980	1
-3960	2
-3940	1
-3920	0
-3900	1
-3880	5
-3860	4
-3840	1
-3820	2
-3800	0
-3780	1
-3760	1
-3740	0
-3720	2
-3700	1
-3680	3
-3660	1
-3640	1
-3620	1
-3600	1
-3580	3
-3560	0
-3540	2
-3520	1
-3500	0
-3480	2
-3460	1
-3440	0
-3420	4
-3400	2
-3380	1
-3360	3
-3340	4
-3320	2
-3300	2
-3280	0
-3260	3
-3240	4
-3220	14
-3200	21
-3180	5
-3160	3
-3140	2
-3120	1
-3100	6
-3080	3
-3060	0
-3040	4
-3020	2
-3000	1
-2980	2
-2960	1
-2940	2
-2920	4
-2900	0
-2880	2
-2860	0
-2840	2
-2820	0
-2800	4
-2780	2
-2760	1
-2740	2
-2720	1
-2700	1
-2680	3
-2660	2
-2640	0
-2620	4
-2600	1
-2580	1
-2560	2
-2540	1
-2520	2
-2500	2
-2480	2
-2460	4
-2440	2
-2420	3
-2400	1
-2380	1
-2360	2
-2340	2
-2320	2
-2300	0
-2280	2
-2260	1
-2240	2
-2220	3
-2200	4
-2180	3
-2160	2
-2140	4
-2120	3
-2100	4
-2080	3
-2060	1
-2040	2
-2020	2
-2000	2
-1980	5
-1960	0
-1940	2
-1920	2
-1900	1
-1880	3
-1860	1
-1840	1
-1820	1
-1800	0
-1780	3
-1760	2
-1740	1
-1720	0
-1700	1
-1680	1
-1660	3
-1640	0
-1620	2
-1600	2
-1580	2
-1560	2
-1540	0
-1520	1
-1500	4
-1480	2
-1460	2
-1440	2
-1420	2
-1400	2
-1380	0
-1360	1
-1340	1
-1320	2
-1300	1
-1280	2
-1260	1
-1240	1
-1220	2
-1200	2
-1180	4
-1160	4
-1140	2
-1120	5
-1100	2
-1080	1
-1060	2
-1040	2
-1020	0
-1000	3
-980	1
-960	5
-940	2
-920	3
-900	3
-880	2
-860	2
-840	2
-820	4
-800	1
-780	3
-760	0
-740	1
-720	2
-700	3
-680	2
-660	0
-640	5
-620	1
-600	3
-580	2
-560	2
-540	2
-520	1
-500	2
-480	1
-460	5
-440	3
-420	3
-400	2
-380	2
-360	3
-340	3
-320	4
-300	5
-280	4
-260	5
-240	2
-220	6
-200	8
-180	13
-160	19
-140	43
-120	68
-100	145
-80	351
-60	835
-40	1881
-20	3611
0	2549
20	510
40	77
60	19
80	9
100	3
120	7
140	7
160	11
180	5
200	2
220	5
240	4
260	7
280	6
300	5
320	3
340	1
360	3
380	3
400	4
420	4
440	3
460	5
480	0
500	3
520	5
540	5
560	6
580	2
600	4
620	1
640	1
660	5
680	3
700	1
720	2
740	3
760	6
780	4
800	10
820	12
840	11
860	11
880	4
900	6
920	7
940	5
960	7
980	6
1000	3
1020	3
1040	1
1060	1
1080	1
1100	1
1120	6
1140	3
1160	6
1180	3
1200	5
1220	3
1240	6
1260	3
1280	2
1300	4
1320	5
1340	9
1360	6
1380	4
1400	13
1420	8
1440	6
1460	7
1480	3
1500	4
1520	5
1540	5
1560	6
1580	4
1600	5
1620	4
1640	6
1660	3
1680	3
1700	1
1720	5
1740	2
1760	4
1780	2
1800	3
1820	7
1840	7
1860	4
1880	1
1900	3
1920	4
1940	9
1960	5
1980	5
2000	2
2020	3
2040	1
2060	3
2080	3
2100	7
2120	3
2140	1
2160	7
2180	5
2200	4
2220	4
2240	2
2260	2
2280	8
2300	3
2320	3
2340	2
2360	3
2380	6
2400	6
2420	5
2440	4
2460	6
2480	5
2500	4
2520	5
2540	3
2560	6
2580	2
2600	3
2620	4
2640	4
2660	5
2680	1
2700	2
2720	6
2740	5
2760	0
2780	2
2800	2
2820	7
2840	2
2860	2
2880	11
2900	1
2920	2
2940	4
2960	1
2980	4
3000	3
3020	4
3040	7
3060	3
3080	2
3100	4
3120	8
3140	4
3160	2
3180	2
3200	1
3220	4
3240	2
3260	2
3280	1
3300	2
3320	8
3340	4
3360	4
3380	3
3400	1
3420	8
3440	6
3460	0
3480	3
3500	4
3520	3
3540	0
3560	6
3580	4
3600	5
3620	4
3640	3
3660	4
3680	4
3700	5
3720	6
3740	1
3760	3
3780	3
3800	1
3820	2
3840	6
3860	5
3880	3
3900	3
3920	3
3940	2
3960	2
3980	10
4000	6
4020	2
4040	4
4060	3
4080	3
4100	4
4120	0
4140	7
4160	2
4180	4
4200	5
4220	3
4240	2
4260	4
4280	6
4300	5
4320	3
4340	4
4360	4
4380	3
4400	4
4420	2
4440	5
4460	7
4480	3
4500	2
4520	5
4540	6
4560	1
4580	3
4600	2
4620	4
4640	1
4660	3
4680	8
4700	3
4720	6
4740	2
4760	8
4780	4
4800	6
4820	5
4840	3
4860	7
4880	8
4900	6
4920	1
4940	5
4960	2
4980	5
5000	6
5020	5
5040	5
5060	3
5080	7
5100	5
5120	6
5140	5
5160	4
5180	3
5200	3
5220	2
5240	1
5260	6
5280	3
5300	8
5320	2
5340	4
5360	8
5380	3
5400	3
5420	6
5440	4
5460	2
5480	5
5500	5
5520	2
5540	4
5560	2
5580	2
5600	4
5620	5
5640	3
5660	5
5680	5
5700	3
5720	6
5740	2
5760	2
5780	2
5800	5
5820	4
5840	3
5860	7
5880	5
5900	4
5920	5
5940	2
5960	4
5980	7
6000	5
6020	6
6040	3
6060	5
6080	6
6100	4
6120	5
6140	4
6160	2
6180	2
6200	6
6220	4
6240	7
6260	6
6280	7
6300	1
6320	3
6340	6
6360	4
6380	1
6400	4
6420	2
6440	5
6460	4
6480	3
6500	10
6520	6
6540	6
6560	5
6580	3
6600	3
6620	7
6640	3
6660	4
6680	4
6700	5
6720	2
6740	6
6760	7
6780	11
6800	3
6820	6
6840	7
6860	6
6880	6
6900	6
6920	0
6940	4
6960	3
6980	2
7000	6
7020	3
7040	3
7060	4
7080	3
7100	3
7120	5
7140	3
7160	6
7180	7
7200	6
7220	5
7240	2
7260	4
7280	2
7300	3
7320	2
7340	5
7360	6
7380	7
7400	0
7420	6
7440	3
7460	3
7480	4
7500	2
7520	4
7540	5
7560	3
7580	7
7600	0
7620	3
7640	3
7660	6
7680	6
7700	3
7720	5
7740	1
7760	7
7780	5
7800	5
7820	5
7840	7
7860	2
7880	1
7900	7
7920	0
7940	4
7960	4
7980	6
8000	8
8020	5
8040	3
8060	2
8080	4
8100	4
8120	7
8140	4
8160	1
8180	4
8200	4
8220	4
8240	5
8260	8
8280	2
8300	3
8320	5
8340	0
8360	3
8380	5
8400	2
8420	3
8440	8
8460	13
8480	4
8500	5
8520	1
8540	4
8560	3
8580	2
8600	6
8620	1
8640	4
8660	3
8680	4
8700	3
8720	2
8740	1
8760	4
8780	3
8800	3
8820	4
8840	1
8860	4
8880	3
8900	4
8920	4
8940	3
8960	6
8980	5
9000	5
9020	3
9040	4
9060	2
9080	5
9100	7
9120	7
9140	6
9160	6
9180	5
9200	6
9220	6
9240	9
9260	20
9280	22
9300	12
9320	4
9340	1
9360	4
9380	8
9400	4
9420	3
9440	7
9460	1
9480	8
9500	3
9520	8
9540	8
9560	9
9580	5
9600	7
9620	9
9640	3
9660	3
9680	2
9700	5
9720	2
9740	2
9760	5
9780	6
9800	3
9820	5
9840	8
9860	2
9880	8
9900	7
9920	5
9940	3
9960	5
9980	3
10000	3
10020	2
10040	1
10060	4
10080	3
10100	2
10120	3
10140	6
10160	0
10180	2
10200	4
10220	4
10240	9
10260	4
10280	7
10300	4
10320	4
10340	1
10360	5
10380	7
10400	4
10420	2
10440	6
10460	6
10480	4
10500	7
10520	4
10540	4
10560	4
10580	5
10600	4
10620	6
10640	3
10660	4
10680	5
10700	5
10720	7
10740	5
10760	5
10780	9
10800	4
10820	3
10840	9
10860	2
10880	6
10900	4
10920	5
10940	3
10960	4
10980	6
11000	3
11020	7
11040	7
11060	6
11080	6
11100	6
11120	5
11140	1
11160	3
11180	5
11200	8
11220	3
11240	8
11260	8
11280	6
11300	10
11320	8
11340	4
11360	7
11380	3
11400	3
11420	4
11440	6
11460	7
11480	3
11500	3
11520	10
11540	3
11560	6
11580	3
11600	10
11620	5
11640	5
11660	3
11680	7
11700	6
11720	5
11740	6
11760	2
11780	2
11800	2
11820	6
11840	3
11860	2
11880	3
11900	6
11920	4
11940	5
11960	1
11980	7
12000	4
12020	4
12040	4
12060	12
12080	7
12100	2
12120	1
12140	8
12160	5
12180	4
12200	6
12220	8
12240	13
12260	7
12280	11
12300	16
12320	28
12340	51
12360	83
12380	160
12400	462
12420	1222
12440	3518
12460	7115
12480	8168
12500	3958
12520	885
12540	183
12560	51
12580	27
12600	18
12620	17
12640	22
12660	14
12680	6
12700	5
12720	4
12740	3
12760	5
12780	6
12800	3
12820	6
12840	4
12860	5
12880	5
12900	3
12920	3
12940	3
12960	3
12980	4
13000	7
13020	3
13040	0
13060	9
13080	1
13100	2
13120	1
13140	3
13160	6
13180	4
13200	1
13220	5
13240	7
13260	4
13280	5
13300	8
13320	13
13340	10
13360	6
13380	5
13400	5
13420	3
13440	1
13460	3
13480	2
13500	2
13520	6
13540	3
13560	2
13580	2
13600	5
13620	5
13640	5
13660	3
13680	7
13700	2
13720	4
13740	3
13760	2
13780	4
13800	0
13820	4
13840	7
13860	7
13880	12
13900	9
13920	7
13940	2
13960	3
13980	0
14000	5
14020	3
14040	7
14060	5
14080	4
14100	5
14120	3
14140	5
14160	1
14180	6
14200	3
14220	5
14240	1
14260	4
14280	1
14300	5
14320	3
14340	2
14360	0
14380	3
14400	1
14420	3
14440	2
14460	6
14480	3
14500	0
14520	3
14540	4
14560	5
14580	4
14600	0
14620	3
14640	4
14660	4
14680	2
14700	6
14720	3
14740	1
14760	4
14780	2
14800	5
14820	2
14840	2
14860	3
14880	2
14900	3
14920	3
14940	1
14960	3
14980	6
15000	7
15020	5
15040	3
15060	2
15080	3
15100	2
15120	3
15140	7
15160	4
15180	7
15200	5
15220	4
15240	4
15260	2
15280	6
15300	2
15320	2
15340	3
15360	4
15380	5
15400	3
15420	3
15440	3
15460	1
15480	3
15500	3
15520	7
15540	2
15560	3
15580	2
15600	4
15620	3
15640	4
15660	6
15680	2
15700	2
15720	3
15740	5
15760	1
15780	3
15800	0
15820	0
15840	5
15860	4
15880	5
15900	3
15920	1
15940	8
15960	3
15980	3
16000	3
16020	5
16040	3
16060	5
16080	3
16100	3
16120	7
16140	7
16160	5
16180	3
16200	5
16220	5
16240	2
16260	1
16280	4
16300	5
16320	9
16340	5
16360	4
16380	3
16400	4
16420	7
16440	4
16460	6
16480	11
16500	2
16520	7
16540	4
16560	2
16580	6
16600	3
16620	3
16640	4
16660	2
16680	3
16700	2
16720	3
16740	1
16760	2
16780	5
16800	4
16820	4
16840	3
16860	4
16880	4
16900	5
16920	7
16940	4
16960	2
16980	3
17000	1
17020	4
17040	3
17060	2
17080	8
17100	4
17120	6
17140	3
17160	4
17180	5
17200	4
17220	0
17240	6
17260	5
17280	5
17300	2
17320	6
17340	6
17360	8
17380	5
17400	1
17420	5
17440	3
17460	5
17480	3
17500	5
17520	5
17540	0
17560	3
17580	5
17600	4
17620	3
17640	4
17660	3
17680	7
17700	6
17720	3
17740	4
17760	4
17780	6
17800	6
17820	6
17840	3
17860	4
17880	3
17900	4
17920	2
17940	3
17960	4
17980	2
18000	2
18020	6
18040	3
18060	1
18080	0
18100	5
18120	1
18140	7
18160	2
18180	4
18200	2
18220	6
18240	3
18260	1
18280	4
18300	1
18320	1
18340	3
18360	5
18380	1
18400	3
18420	3
18440	5
18460	2
18480	7
18500	2
18520	1
18540	1
18560	2
18580	2
18600	3
18620	2
18640	2
18660	3
18680	3
18700	8
18720	1
18740	5
18760	8
18780	3
18800	3
18820	2
18840	5
18860	3
18880	6
18900	4
18920	8
18940	3
18960	4
18980	5
19000	4
19020	5
19040	2
19060	4
19080	3
19100	5
19120	3
19140	6
19160	7
19180	4
19200	4
19220	3
19240	6
19260	8
19280	3
19300	4
19320	3
19340	4
19360	5
19380	5
19400	3
19420	3
19440	5
19460	4
19480	6
19500	4
19520	5
19540	4
19560	1
19580	5
19600	3
19620	5
19640	2
19660	6
19680	5
19700	7
19720	3
19740	3
19760	2
19780	2
19800	3
19820	1
19840	4
19860	2
19880	5
19900	2
19920	3
19940	4
19960	1
19980	6
