"Time differences (ps)"	"Counts per bin"
-20000	0
-19980	1
-19960	4
-19940	1
-19920	3
-19900	2
-19880	0
-19860	1
-19840	1
-19820	1
-19800	0
-19780	1
-19760	1
-19740	1
-19720	0
-19700	3
-19680	2
-19660	2
-19640	1
-19620	0
-19600	0
-19580	1
-19560	0
-19540	2
-19520	2
-19500	1
-19480	3
-19460	1
-19440	3
-19420	1
-19400	1
-19380	2
-19360	1
-19340	1
-19320	1
-19300	2
-19280	0
-19260	0
-19240	3
-19220	0
-19200	2
-19180	0
-19160	2
-19140	5
-19120	1
-19100	1
-19080	1
-19060	1
-19040	2
-19020	1
-19000	4
-18980	1
-18960	1
-18940	1
-18920	0
-18900	5
-18880	0
-18860	4
-18840	1
-18820	0
-18800	1
-18780	1
-18760	1
-18740	1
-18720	4
-18700	3
-18680	1
-18660	4
-18640	2
-18620	0
-18600	1
-18580	1
-18560	3
-18540	5
-18520	1
-18500	2
-18480	4
-18460	3
-18440	2
-18420	0
-18400	4
-18380	3
-18360	0
-18340	0
-18320	2
-18300	1
-18280	4
-18260	0
-18240	1
-18220	1
-18200	4
-18180	3
-18160	2
-18140	0
-18120	1
-18100	1
-18080	2
-18060	2
-18040	2
-18020	1
-18000	2
-17980	4
-17960	2
-17940	3
-17920	1
-17900	0
-17880	2
-17860	2
-17840	2
-17820	0
-17800	2
-17780	1
-17760	5
-17740	2
-17720	0
-17700	2
-17680	2
-17660	1
-17640	0
-17620	1
-17600	3
-17580	0
-17560	0
-17540	1
-17520	3
-17500	0
-17480	2
-17460	5
-17440	0
-17420	1
-17400	0
-17380	1
-17360	1
-17340	6
-17320	4
-17300	2
-17280	5
-17260	2
-17240	0
-17220	4
-17200	1
-17180	3
-17160	1
-17140	2
-17120	2
-17100	3
-17080	3
-17060	1
-17040	2
-17020	4
-17000	4
-16980	3
-16960	2
-16940	2
-16920	1
-16900	1
-16880	0
-16860	2
-16840	5
-16820	1
-16800	2
-16780	2
-16760	1
-16740	2
-16720	3
-16700	3
-16680	0
-16660	0
-16640	0
-16620	2
-16600	2
-16580	4
-16560	2
-16540	4
-16520	4
-16500	4
-16480	2
-16460	0
-16440	0
-16420	0
-16400	0
-16380	1
-16360	2
-16340	1
-16320	1
-16300	0
-16280	2
-16260	2
-16240	1
-16220	2
-16200	2
-16180	1
-16160	1
-16140	6
-16120	2
-16100	2
-16080	2
-16060	0
-16040	3
-16020	2
-16000	0
-15980	1
-15960	1
-15940	4
-15920	1
-15900	1
-15880	1
-15860	2
-15840	1
-15820	4
-15800	7
-15780	7
-15760	6
-15740	9
-15720	8
-15700	15
-15680	22
-15660	4
-15640	1
-15620	2
-15600	5
-15580	1
-15560	3
-15540	2
-15520	4
-15500	4
-15480	1
-15460	0
-15440	0
-15420	0
-15400	0
-15380	1
-15360	2
-15340	1
-15320	4
-15300	2
-15280	1
-15260	3
-15240	4
-15220	1
-15200	0
-15180	2
-15160	5
-15140	3
-15120	4
-15100	5
-15080	3
-15060	5
-15040	3
-15020	5
-15000	4
-14980	2
-14960	3
-14940	3
-14920	1
-14900	1
-14880	1
-14860	4
-14840	2
-14820	3
-14800	0
-14780	3
-14760	2
-14740	4
-14720	0
-14700	1
-14680	1
-14660	0
-14640	2
-14620	3
-14600	4
-14580	0
-14560	1
-14540	4
-14520	2
-14500	4
-14480	4
-14460	3
-14440	2
-14420	1
-14400	2
-14380	1
-14360	3
-14340	2
-14320	2
-14300	1
-14280	4
-14260	2
-14240	3
-14220	1
-14200	3
-14180	2
-14160	4
-14140	2
-14120	1
-14100	0
-14080	2
-14060	2
-14040	2
-14020	0
-14000	4
-13980	3
-13960	5
-13940	3
-13920	2
-13900	4
-13880	2
-13860	3
-13840	4
-13820	1
-13800	2
-13780	2
-13760	1
-13740	1
-13720	2
-13700	5
-13680	3
-13660	3
-13640	0
-13620	0
-13600	3
-13580	5
-13560	2
-13540	1
-13520	1
-13500	4
-13480	4
-13460	1
-13440	4
-13420	1
-13400	4
-13380	0
-13360	3
-13340	2
-13320	1
-13300	0
-13280	2
-13260	4
-13240	1
-13220	3
-13200	5
-13180	0
-13160	1
-13140	2
-13120	2
-13100	0
-13080	3
-13060	2
-13040	1
-13020	2
-13000	5
-12980	5
-12960	1
-12940	5
-12920	3
-12900	4
-12880	5
-12860	2
-12840	6
-12820	1
-12800	3
-12780	5
-12760	1
-12740	3
-12720	6
-12700	8
-12680	24
-12660	30
-12640	50
-12620	91
-12600	207
-12580	467
-12560	1200
-12540	2731
-12520	5495
-12500	8022
-12480	5360
-12460	1580
-12440	328
-12420	60
-12400	20
-12380	17
-12360	18
-12340	22
-12320	32
-12300	7
-12280	7
-12260	3
-12240	4
-12220	1
-12200	1
-12180	1
-12160	1
-12140	2
-12120	0
-12100	1
-12080	0
-12060	0
-12040	2
-12020	2
-12000	1
-11980	0
-11960	1
-11940	0
-11920	1
-11900	2
-11880	0
-11860	2
-11840	2
-11820	5
-11800	1
-11780	2
-11760	2
-11740	5
-11720	9
-11700	7
-11680	5
-11660	6
-11640	12
-11620	12
-11600	5
-11580	1
-11560	1
-11540	2
-11520	2
-11500	1
-11480	2
-11460	0
-11440	2
-11420	1
-11400	2
-11380	2
-11360	0
-11340	0
-11320	2
-11300	0
-11280	1
-11260	0
-11240	4
-11220	1
-11200	1
-11180	3
-11160	1
-11140	5
-11120	2
-11100	6
-11080	7
-11060	3
-11040	1
-11020	2
-11000	2
-10980	1
-10960	0
-10940	0
-10920	2
-10900	1
-10880	1
-10860	3
-10840	1
-10820	1
-10800	3
-10780	1
-10760	0
-10740	3
-10720	0
-10700	0
-10680	2
-10660	1
-10640	3
-10620	2
-10600	2
-10580	0
-10560	0
-10540	1
-10520	0
-10500	0
-10480	4
-10460	1
-10440	5
-10420	2
-10400	1
-10380	1
-10360	1
-10340	1
-10320	2
-10300	1
-10280	2
-10260	1
-10240	0
-10220	3
-10200	1
-10180	0
-10160	0
-10140	1
-10120	0
-10100	1
-10080	1
-10060	1
-10040	1
-10020	0
-10000	0
-9980	3
-9960	0
-9940	3
-9920	0
-9900	1
-9880	1
-9860	1
-9840	1
-9820	1
-9800	0
-9780	1
-9760	2
-9740	1
-9720	2
-9700	2
-9680	2
-9660	4
-9640	1
-9620	0
-9600	1
-9580	2
-9560	2
-9540	2
-9520	1
-9500	0
-9480	0
-9460	2
-9440	1
-9420	1
-9400	0
-9380	0
-9360	1
-9340	0
-9320	2
-9300	4
-9280	0
-9260	0
-9240	1
-9220	2
-9200	3
-9180	1
-9160	4
-9140	1
-9120	1
-9100	5
-9080	1
-9060	2
-9040	0
-9020	1
-9000	0
-8980	3
-8960	1
-8940	2
-8920	1
-8900	1
-8880	0
-8860	0
-8840	0
-8820	0
-8800	0
-8780	1
-8760	0
-8740	0
-8720	2
-8700	2
-8680	1
-8660	0
-8640	2
-8620	3
-8600	0
-8580	2
-8560	1
-8540	2
-8520	3
-8500	5
-8480	1
-8460	2
-8440	0
-8420	0
-8400	1
-8380	2
-8360	2
-8340	3
-8320	2
-8300	1
-8280	1
-8260	0
-8240	0
-8220	0
-8200	0
-8180	0
-8160	0
-8140	2
-8120	2
-8100	1
-8080	0
-8060	2
-8040	0
-8020	4
-8000	1
-7980	4
-7960	2
-7940	1
-7920	1
-7900	1
-7880	1
-7860	2
-7840	4
-7820	3
-7800	3
-7780	3
-7760	4
-7740	1
-7720	1
-7700	2
-7680	2
-7660	4
-7640	7
-7620	3
-7600	3
-7580	2
-7560	1
-7540	0
-7520	1
-7500	0
-7480	3
-7460	0
-7440	0
-7420	1
-7400	1
-7380	0
-7360	4
-7340	1
-7320	2
-7300	2
-7280	1
-7260	0
-7240	2
-7220	1
-7200	0
-7180	0
-7160	2
-7140	0
-7120	0
-7100	2
-7080	1
-7060	1
-7040	3
-7020	0
-7000	0
-6980	3
-6960	1
-6940	3
-6920	1
-6900	0
-6880	3
-6860	1
-6840	2
-6820	3
-6800	3
-6780	2
-6760	0
-6740	1
-6720	0
-6700	3
-6680	1
-6660	0
-6640	0
-6620	2
-6600	0
-6580	1
-6560	0
-6540	0
-6520	1
-6500	2
-6480	2
-6460	3
-6440	2
-6420	1
-6400	2
-6380	2
-6360	1
-6340	1
-6320	2
-6300	2
-6280	2
-6260	1
-6240	0
-6220	1
-6200	1
-6180	0
-6160	0
-6140	2
-6120	1
-6100	0
-6080	4
-6060	4
-6040	5
-6020	0
-6000	1
-5980	1
-5960	0
-5940	3
-5920	1
-5900	1
-5880	3
-5860	1
-5840	0
-5820	1
-5800	1
-5780	0
-5760	3
-5740	3
-5720	2
-5700	0
-5680	1
-5660	1
-5640	2
-5620	2
-5600	2
-5580	1
-5560	0
-5540	2
-5520	3
-5500	2
-5480	4
-5460	2
-5440	0
-5420	2
-5400	2
-5380	0
-5360	2
-5340	0
-5320	1
-5300	2
-5280	1
-5260	2
-5240	3
-5220	1
-5200	1
-5180	2
-5160	3
-5140	3
-5120	1
-5100	2
-5080	1
-5060	3
-5040	4
-5020	0
-5000	1
-4980	3
-4960	2
-4940	1
-4920	1
-4900	1
-4880	1
-4860	2
-4840	0
-4820	0
-4800	1
-4780	1
-4760	1
-4740	3
-4720	0
-4700	1
-4680	3
-4660	2
-4640	0
-4620	0
-4600	1
-4580	0
-4560	1
-4540	2
-4520	2
-4500	0
-4480	0
-4460	1
-4440	3
-4420	2
-4400	2
-4380	0
-4360	1
-4340	2
-4320	0
-4300	2
-4280	0
-4260	2
-4240	2
-4220	0
-4200	1
-4180	2
-4160	0
-4140	2
-4120	1
-4100	2
-4080	2
-4060	2
-4040	1
-4020	3
-4000	3
-3980	2
-3960	1
-3940	2
-3920	1
-3900	1
-3880	0
-3860	1
-3840	2
-3820	0
-3800	2
-3780	1
-3760	0
-3740	1
-3720	3
-3700	0
-3680	1
-3660	2
-3640	2
-3620	0
-3600	1
-3580	1
-3560	0
-3540	3
-3520	2
-3500	0
-3480	0
-3460	0
-3440	3
-3420	5
-3400	2
-3380	2
-3360	0
-3340	1
-3320	3
-3300	5
-3280	3
-3260	4
-3240	5
-3220	11
-3200	13
-3180	12
-3160	3
-3140	0
-3120	1
-3100	4
-3080	2
-3060	1
-3040	0
-3020	2
-3000	0
-2980	3
-2960	4
-2940	3
-2920	0
-2900	3
-2880	0
-2860	0
-2840	2
-2820	4
-2800	3
-2780	1
-2760	0
-2740	2
-2720	1
-2700	0
-2680	0
-2660	2
-2640	1
-2620	5
-2600	1
-2580	2
-2560	0
-2540	4
-2520	5
-2500	1
-2480	0
-2460	2
-2440	3
-2420	3
-2400	1
-2380	0
-2360	4
-2340	3
-2320	0
-2300	1
-2280	1
-2260	2
-2240	0
-2220	3
-2200	2
-2180	1
-2160	1
-2140	0
-2120	0
-2100	1
-2080	0
-2060	0
-2040	1
-2020	1
-2000	2
-1980	2
-1960	0
-1940	0
-1920	0
-1900	1
-1880	2
-1860	1
-1840	2
-1820	2
-1800	1
-1780	2
-1760	1
-1740	2
-1720	2
-1700	0
-1680	2
-1660	2
-1640	0
-1620	1
-1600	2
-1580	3
-1560	1
-1540	3
-1520	3
-1500	1
-1480	0
-1460	0
-1440	1
-1420	0
-1400	2
-1380	1
-1360	1
-1340	0
-1320	1
-1300	2
-1280	2
-1260	1
-1240	1
-1220	1
-1200	2
-1180	1
-1160	1
-1140	4
-1120	1
-1100	2
-1080	3
-1060	1
-1040	1
-1020	2
-1000	3
-980	0
-960	1
-940	7
-920	2
-900	2
-880	0
-860	4
-840	2
-820	2
-800	0
-780	2
-760	0
-740	4
-720	3
-700	3
-680	3
-660	2
-640	1
-620	2
-600	2
-580	3
-560	4
-540	2
-520	0
-500	3
-480	2
-460	0
-440	4
-420	0
-400	2
-380	2
-360	4
-340	2
-320	2
-300	2
-280	4
-260	5
-240	4
-220	9
-200	20
-180	29
-160	51
-140	121
-120	284
-100	691
-80	1690
-60	4425
-40	10230
-20	18870
0	14033
20	2152
40	182
60	30
80	15
100	11
120	15
140	24
160	28
180	19
200	5
220	3
240	5
260	7
280	2
300	4
320	3
340	1
360	3
380	4
400	4
420	3
440	5
460	2
480	3
500	3
520	6
540	2
560	2
580	3
600	2
620	3
640	3
660	5
680	4
700	7
720	5
740	12
760	5
780	7
800	3
820	9
840	17
860	5
880	2
900	4
920	3
940	3
960	1
980	5
1000	5
1020	6
1040	2
1060	5
1080	6
1100	6
1120	2
1140	3
1160	0
1180	4
1200	2
1220	4
1240	5
1260	7
1280	4
1300	7
1320	5
1340	6
1360	4
1380	3
1400	9
1420	8
1440	5
1460	4
1480	2
1500	4
1520	6
1540	3
1560	3
1580	1
1600	3
1620	4
1640	0
1660	5
1680	6
1700	4
1720	5
1740	5
1760	4
1780	4
1800	4
1820	4
1840	4
1860	2
1880	2
1900	3
1920	5
1940	7
1960	5
1980	5
2000	3
2020	1
2040	11
2060	2
2080	3
2100	3
2120	6
2140	1
2160	4
2180	2
2200	2
2220	3
2240	2
2260	3
2280	1
2300	3
2320	5
2340	3
2360	5
2380	3
2400	4
2420	2
2440	2
2460	3
2480	4
2500	3
2520	3
2540	8
2560	3
2580	7
2600	3
2620	2
2640	5
2660	3
2680	4
2700	1
2720	3
2740	2
2760	5
2780	7
2800	3
2820	0
2840	1
2860	2
2880	10
2900	4
2920	5
2940	4
2960	3
2980	7
3000	2
3020	6
3040	2
3060	4
3080	3
3100	7
3120	3
3140	7
3160	5
3180	7
3200	4
3220	7
3240	3
3260	4
3280	6
3300	1
3320	4
3340	6
3360	2
3380	3
3400	5
3420	5
3440	1
3460	4
3480	6
3500	1
3520	3
3540	6
3560	4
3580	2
3600	4
3620	3
3640	3
3660	3
3680	4
3700	3
3720	5
3740	2
3760	3
3780	5
3800	4
3820	5
3840	4
3860	4
3880	0
3900	3
3920	2
3940	2
3960	5
3980	8
4000	6
4020	7
4040	3
4060	6
4080	2
4100	6
4120	5
4140	3
4160	4
4180	4
4200	0
4220	4
4240	6
4260	2
4280	5
4300	4
4320	5
4340	1
4360	4
4380	7
4400	6
4420	5
4440	5
4460	2
4480	4
4500	3
4520	2
4540	2
4560	7
4580	1
4600	1
4620	5
4640	3
4660	5
4680	5
4700	2
4720	1
4740	8
4760	8
4780	5
4800	5
4820	6
4840	10
4860	4
4880	4
4900	5
4920	3
4940	8
4960	3
4980	2
5000	2
5020	3
5040	3
5060	1
5080	2
5100	5
5120	5
5140	5
5160	3
5180	2
5200	3
5220	4
5240	3
5260	8
5280	6
5300	1
5320	4
5340	3
5360	4
5380	4
5400	6
5420	6
5440	2
5460	3
5480	5
5500	4
5520	4
5540	5
5560	3
5580	3
5600	4
5620	6
5640	7
5660	3
5680	6
5700	5
5720	4
5740	0
5760	2
5780	5
5800	2
5820	1
5840	5
5860	3
5880	6
5900	5
5920	7
5940	5
5960	4
5980	6
6000	4
6020	2
6040	3
6060	3
6080	3
6100	1
6120	7
6140	5
6160	3
6180	6
6200	6
6220	4
6240	5
6260	3
6280	5
6300	2
6320	3
6340	5
6360	2
6380	3
6400	3
6420	3
6440	4
6460	1
6480	1
6500	5
6520	2
6540	3
6560	2
6580	4
6600	3
6620	6
6640	3
6660	8
6680	0
6700	3
6720	7
6740	5
6760	6
6780	6
6800	3
6820	5
6840	4
6860	1
6880	3
6900	5
6920	3
6940	1
6960	6
6980	2
7000	7
7020	1
7040	2
7060	6
7080	2
7100	4
7120	7
7140	2
7160	7
7180	1
7200	1
7220	3
7240	4
7260	7
7280	4
7300	4
7320	2
7340	5
7360	3
7380	5
7400	8
7420	4
7440	7
7460	6
7480	1
7500	2
7520	4
7540	4
7560	1
7580	4
7600	2
7620	4
7640	8
7660	2
7680	4
7700	5
7720	3
7740	5
7760	6
7780	1
7800	5
7820	4
7840	4
7860	3
7880	5
7900	3
7920	5
7940	3
7960	4
7980	3
8000	2
8020	2
8040	2
8060	2
8080	3
8100	3
8120	2
8140	5
8160	6
8180	1
8200	6
8220	7
8240	5
8260	4
8280	4
8300	2
8320	5
8340	4
8360	3
8380	4
8400	2
8420	6
8440	4
8460	6
8480	8
8500	9
8520	6
8540	7
8560	4
8580	2
8600	2
8620	10
8640	3
8660	2
8680	1
8700	2
8720	3
8740	3
8760	5
8780	4
8800	9
8820	11
8840	2
8860	3
8880	4
8900	7
8920	2
8940	5
8960	3
8980	8
9000	3
9020	5
9040	6
9060	4
9080	1
9100	5
9120	2
9140	6
9160	4
9180	6
9200	4
9220	5
9240	10
9260	10
9280	11
9300	9
9320	8
9340	3
9360	7
9380	1
9400	6
9420	2
9440	6
9460	6
9480	6
9500	4
9520	5
9540	7
9560	2
9580	4
9600	6
9620	1
9640	2
9660	4
9680	2
9700	5
9720	5
9740	2
9760	6
9780	2
9800	5
9820	6
9840	5
9860	7
9880	7
9900	4
9920	4
9940	0
9960	5
9980	6
10000	4
10020	7
10040	1
10060	6
10080	1
10100	8
10120	6
10140	7
10160	6
10180	6
10200	7
10220	2
10240	5
10260	2
10280	4
10300	4
10320	4
10340	4
10360	6
10380	7
10400	5
10420	4
10440	2
10460	7
10480	5
10500	2
10520	6
10540	3
10560	3
10580	1
10600	3
10620	6
10640	4
10660	4
10680	4
10700	1
10720	2
10740	6
10760	4
10780	4
10800	3
10820	7
10840	5
10860	3
10880	5
10900	3
10920	4
10940	6
10960	4
10980	2
11000	7
11020	2
11040	6
11060	5
11080	4
11100	8
11120	7
11140	3
11160	1
11180	3
11200	7
11220	8
11240	6
11260	6
11280	4
11300	2
11320	3
11340	7
11360	2
11380	1
11400	4
11420	5
11440	2
11460	1
11480	8
11500	5
11520	3
11540	8
11560	5
11580	3
11600	7
11620	5
11640	5
11660	5
11680	1
11700	3
11720	5
11740	6
11760	4
11780	8
11800	2
11820	2
11840	5
11860	5
11880	2
11900	4
11920	7
11940	5
11960	5
11980	4
12000	8
12020	7
12040	6
12060	4
12080	3
12100	6
12120	7
12140	4
12160	7
12180	5
12200	6
12220	4
12240	15
12260	10
12280	24
12300	30
12320	45
12340	64
12360	148
12380	320
12400	789
12420	1777
12440	3969
12460	7149
12480	7584
12500	3439
12520	764
12540	153
12560	39
12580	22
12600	10
12620	15
12640	17
12660	18
12680	6
12700	13
12720	1
12740	1
12760	4
12780	2
12800	6
12820	5
12840	4
12860	1
12880	2
12900	0
12920	1
12940	4
12960	2
12980	1
13000	4
13020	6
13040	3
13060	4
13080	4
13100	4
13120	4
13140	1
13160	4
13180	5
13200	3
13220	5
13240	7
13260	5
13280	3
13300	7
13320	14
13340	10
13360	8
13380	2
13400	5
13420	3
13440	3
13460	5
13480	4
13500	4
13520	1
13540	2
13560	5
13580	2
13600	2
13620	3
13640	4
13660	4
13680	6
13700	3
13720	4
13740	4
13760	3
13780	3
13800	3
13820	2
13840	7
13860	6
13880	9
13900	8
13920	6
13940	2
13960	0
13980	5
14000	5
14020	1
14040	4
14060	4
14080	2
14100	1
14120	3
14140	6
14160	3
14180	1
14200	2
14220	1
14240	1
14260	1
14280	4
14300	3
14320	4
14340	4
14360	3
14380	5
14400	3
14420	2
14440	4
14460	3
14480	4
14500	1
14520	3
14540	3
14560	4
14580	2
14600	2
14620	4
14640	7
14660	1
14680	4
14700	1
14720	6
14740	4
14760	5
14780	3
14800	1
14820	5
14840	2
14860	3
14880	6
14900	2
14920	6
14940	1
14960	8
14980	4
15000	2
15020	3
15040	6
15060	5
15080	8
15100	4
15120	0
15140	2
15160	2
15180	5
15200	3
15220	1
15240	1
15260	5
15280	1
15300	2
15320	5
15340	2
15360	5
15380	3
15400	3
15420	1
15440	3
15460	1
15480	4
15500	3
15520	3
15540	3
15560	3
15580	5
15600	3
15620	3
15640	4
15660	1
15680	2
15700	4
15720	3
15740	3
15760	5
15780	3
15800	4
15820	8
15840	3
15860	5
15880	3
15900	4
15920	4
15940	3
15960	3
15980	4
16000	2
16020	2
16040	2
16060	3
16080	5
16100	2
16120	3
16140	5
16160	4
16180	4
16200	6
16220	4
16240	3
16260	0
16280	7
16300	5
16320	3
16340	3
16360	5
16380	3
16400	8
16420	5
16440	3
16460	6
16480	6
16500	6
16520	3
16540	1
16560	5
16580	1
16600	2
16620	3
16640	3
16660	3
16680	4
16700	3
16720	3
16740	4
16760	4
16780	1
16800	2
16820	9
16840	2
16860	1
16880	1
16900	3
16920	6
16940	2
16960	3
16980	3
17000	2
17020	4
17040	5
17060	2
17080	4
17100	2
17120	3
17140	5
17160	3
17180	3
17200	4
17220	2
17240	3
17260	10
17280	5
17300	2
17320	4
17340	5
17360	4
17380	5
17400	6
17420	4
17440	7
17460	1
17480	3
17500	5
17520	2
17540	2
17560	4
17580	2
17600	1
17620	1
17640	5
17660	8
17680	5
17700	6
17720	5
17740	8
17760	1
17780	1
17800	2
17820	4
17840	3
17860	4
17880	2
17900	4
17920	5
17940	3
17960	3
17980	4
18000	4
18020	4
18040	1
18060	2
18080	1
18100	3
18120	4
18140	0
18160	7
18180	3
18200	3
18220	4
18240	4
18260	6
18280	3
18300	8
18320	4
18340	2
18360	3
18380	7
18400	5
18420	2
18440	2
18460	7
18480	1
18500	3
18520	3
18540	7
18560	2
18580	6
18600	3
18620	4
18640	6
18660	6
18680	1
18700	5
18720	5
18740	6
18760	4
18780	3
18800	3
18820	1
18840	1
18860	5
18880	4
18900	3
18920	1
18940	5
18960	3
18980	5
19000	3
19020	3
19040	3
19060	3
19080	7
19100	7
19120	5
19140	7
19160	4
19180	8
19200	5
19220	3
19240	4
19260	2
19280	3
19300	4
19320	7
19340	5
19360	3
19380	5
19400	3
19420	0
19440	1
19460	1
19480	2
19500	5
19520	4
19540	1
19560	7
19580	3
19600	2
19620	8
19640	2
19660	5
19680	4
19700	3
19720	5
19740	2
19760	3
19780	3
19800	9
19820	3
19840	3
19860	3
19880	3
19900	7
19920	5
19940	3
19960	3
19980	9
