"Time differences (ps)"	"Counts per bin"
-20000	1
-19980	3
-19960	1
-19940	3
-19920	0
-19900	2
-19880	1
-19860	2
-19840	2
-19820	1
-19800	4
-19780	2
-19760	3
-19740	1
-19720	4
-19700	1
-19680	3
-19660	2
-19640	0
-19620	2
-19600	1
-19580	4
-19560	1
-19540	0
-19520	0
-19500	2
-19480	0
-19460	3
-19440	0
-19420	2
-19400	1
-19380	2
-19360	3
-19340	2
-19320	3
-19300	1
-19280	1
-19260	0
-19240	1
-19220	4
-19200	4
-19180	3
-19160	2
-19140	0
-19120	2
-19100	4
-19080	1
-19060	2
-19040	5
-19020	3
-19000	0
-18980	5
-18960	1
-18940	2
-18920	1
-18900	3
-18880	2
-18860	1
-18840	3
-18820	3
-18800	4
-18780	2
-18760	2
-18740	2
-18720	0
-18700	3
-18680	0
-18660	1
-18640	3
-18620	3
-18600	2
-18580	1
-18560	1
-18540	0
-18520	2
-18500	2
-18480	5
-18460	2
-18440	2
-18420	2
-18400	2
-18380	1
-18360	7
-18340	0
-18320	0
-18300	3
-18280	4
-18260	1
-18240	2
-18220	1
-18200	2
-18180	0
-18160	0
-18140	1
-18120	0
-18100	3
-18080	1
-18060	1
-18040	1
-18020	0
-18000	3
-17980	3
-17960	2
-17940	1
-17920	2
-17900	1
-17880	3
-17860	1
-17840	2
-17820	2
-17800	4
-17780	2
-17760	3
-17740	2
-17720	1
-17700	1
-17680	1
-17660	4
-17640	4
-17620	4
-17600	2
-17580	2
-17560	2
-17540	2
-17520	1
-17500	2
-17480	1
-17460	1
-17440	3
-17420	1
-17400	3
-17380	2
-17360	1
-17340	0
-17320	1
-17300	4
-17280	6
-17260	0
-17240	1
-17220	2
-17200	0
-17180	1
-17160	0
-17140	6
-17120	1
-17100	1
-17080	1
-17060	1
-17040	4
-17020	1
-17000	2
-16980	1
-16960	0
-16940	2
-16920	0
-16900	4
-16880	2
-16860	0
-16840	3
-16820	3
-16800	2
-16780	1
-16760	3
-16740	2
-16720	4
-16700	0
-16680	0
-16660	3
-16640	5
-16620	1
-16600	2
-16580	3
-16560	6
-16540	7
-16520	2
-16500	7
-16480	6
-16460	3
-16440	3
-16420	2
-16400	3
-16380	1
-16360	2
-16340	0
-16320	1
-16300	3
-16280	3
-16260	0
-16240	2
-16220	4
-16200	1
-16180	3
-16160	2
-16140	3
-16120	5
-16100	5
-16080	2
-16060	4
-16040	2
-16020	2
-16000	2
-15980	1
-15960	2
-15940	2
-15920	4
-15900	2
-15880	4
-15860	0
-15840	1
-15820	2
-15800	1
-15780	3
-15760	6
-15740	10
-15720	21
-15700	18
-15680	11
-15660	11
-15640	1
-15620	5
-15600	1
-15580	4
-15560	2
-15540	4
-15520	2
-15500	1
-15480	3
-15460	3
-15440	1
-15420	2
-15400	3
-15380	4
-15360	2
-15340	2
-15320	1
-15300	2
-15280	3
-15260	1
-15240	3
-15220	3
-15200	5
-15180	1
-15160	1
-15140	2
-15120	5
-15100	3
-15080	3
-15060	1
-15040	2
-15020	3
-15000	0
-14980	3
-14960	2
-14940	1
-14920	0
-14900	1
-14880	2
-14860	2
-14840	1
-14820	2
-14800	3
-14780	2
-14760	1
-14740	4
-14720	0
-14700	2
-14680	4
-14660	1
-14640	2
-14620	2
-14600	4
-14580	0
-14560	2
-14540	2
-14520	2
-14500	3
-14480	3
-14460	1
-14440	4
-14420	3
-14400	5
-14380	2
-14360	5
-14340	1
-14320	1
-14300	7
-14280	0
-14260	2
-14240	1
-14220	3
-14200	1
-14180	3
-14160	3
-14140	2
-14120	2
-14100	2
-14080	4
-14060	0
-14040	1
-14020	1
-14000	1
-13980	5
-13960	0
-13940	4
-13920	2
-13900	1
-13880	3
-13860	1
-13840	3
-13820	3
-13800	5
-13780	1
-13760	1
-13740	4
-13720	2
-13700	1
-13680	2
-13660	2
-13640	6
-13620	1
-13600	4
-13580	1
-13560	2
-13540	2
-13520	3
-13500	5
-13480	0
-13460	4
-13440	1
-13420	2
-13400	3
-13380	2
-13360	3
-13340	6
-13320	2
-13300	2
-13280	3
-13260	5
-13240	1
-13220	0
-13200	3
-13180	5
-13160	4
-13140	2
-13120	1
-13100	2
-13080	2
-13060	1
-13040	4
-13020	5
-13000	4
-12980	3
-12960	2
-12940	1
-12920	3
-12900	4
-12880	2
-12860	2
-12840	3
-12820	2
-12800	7
-12780	3
-12760	7
-12740	19
-12720	8
-12700	9
-12680	17
-12660	24
-12640	72
-12620	106
-12600	232
-12580	476
-12560	1151
-12540	2774
-12520	5708
-12500	8889
-12480	6469
-12460	1950
-12440	415
-12420	62
-12400	18
-12380	6
-12360	7
-12340	7
-12320	9
-12300	8
-12280	3
-12260	0
-12240	1
-12220	0
-12200	3
-12180	0
-12160	3
-12140	2
-12120	1
-12100	4
-12080	2
-12060	0
-12040	1
-12020	1
-12000	1
-11980	2
-11960	2
-11940	0
-11920	1
-11900	0
-11880	1
-11860	0
-11840	1
-11820	1
-11800	4
-11780	4
-11760	0
-11740	0
-11720	5
-11700	4
-11680	5
-11660	9
-11640	12
-11620	8
-11600	3
-11580	2
-11560	0
-11540	0
-11520	2
-11500	3
-11480	1
-11460	1
-11440	7
-11420	1
-11400	1
-11380	0
-11360	0
-11340	4
-11320	0
-11300	0
-11280	0
-11260	4
-11240	1
-11220	4
-11200	1
-11180	1
-11160	1
-11140	5
-11120	1
-11100	10
-11080	9
-11060	2
-11040	4
-11020	0
-11000	1
-10980	3
-10960	0
-10940	4
-10920	1
-10900	1
-10880	1
-10860	0
-10840	1
-10820	1
-10800	4
-10780	1
-10760	1
-10740	2
-10720	2
-10700	0
-10680	1
-10660	0
-10640	2
-10620	3
-10600	2
-10580	5
-10560	1
-10540	2
-10520	4
-10500	1
-10480	0
-10460	0
-10440	2
-10420	1
-10400	2
-10380	1
-10360	3
-10340	2
-10320	0
-10300	2
-10280	1
-10260	0
-10240	0
-10220	3
-10200	0
-10180	0
-10160	1
-10140	2
-10120	1
-10100	1
-10080	2
-10060	2
-10040	0
-10020	1
-10000	1
-9980	0
-9960	1
-9940	3
-9920	1
-9900	1
-9880	0
-9860	0
-9840	0
-9820	2
-9800	0
-9780	2
-9760	1
-9740	0
-9720	1
-9700	0
-9680	3
-9660	2
-9640	1
-9620	3
-9600	1
-9580	3
-9560	0
-9540	0
-9520	2
-9500	4
-9480	1
-9460	0
-9440	3
-9420	0
-9400	2
-9380	2
-9360	2
-9340	0
-9320	1
-9300	3
-9280	1
-9260	3
-9240	1
-9220	4
-9200	2
-9180	0
-9160	1
-9140	1
-9120	1
-9100	1
-9080	5
-9060	2
-9040	0
-9020	1
-9000	3
-8980	0
-8960	1
-8940	1
-8920	1
-8900	0
-8880	1
-8860	2
-8840	0
-8820	1
-8800	1
-8780	3
-8760	3
-8740	1
-8720	0
-8700	0
-8680	0
-8660	1
-8640	2
-8620	1
-8600	2
-8580	0
-8560	0
-8540	7
-8520	2
-8500	3
-8480	3
-8460	3
-8440	1
-8420	1
-8400	3
-8380	5
-8360	2
-8340	1
-8320	0
-8300	5
-8280	0
-8260	1
-8240	2
-8220	0
-8200	1
-8180	2
-8160	4
-8140	2
-8120	2
-8100	1
-8080	2
-8060	1
-8040	3
-8020	0
-8000	3
-7980	0
-7960	0
-7940	1
-7920	1
-7900	3
-7880	2
-7860	1
-7840	0
-7820	0
-7800	2
-7780	0
-7760	4
-7740	3
-7720	3
-7700	1
-7680	4
-7660	0
-7640	1
-7620	4
-7600	5
-7580	1
-7560	1
-7540	0
-7520	1
-7500	0
-7480	2
-7460	1
-7440	1
-7420	2
-7400	1
-7380	2
-7360	1
-7340	1
-7320	1
-7300	2
-7280	0
-7260	1
-7240	3
-7220	3
-7200	0
-7180	3
-7160	0
-7140	3
-7120	1
-7100	3
-7080	0
-7060	0
-7040	1
-7020	3
-7000	2
-6980	1
-6960	0
-6940	2
-6920	0
-6900	2
-6880	0
-6860	3
-6840	2
-6820	2
-6800	3
-6780	0
-6760	1
-6740	1
-6720	0
-6700	1
-6680	2
-6660	3
-6640	2
-6620	1
-6600	2
-6580	0
-6560	0
-6540	2
-6520	3
-6500	2
-6480	1
-6460	1
-6440	2
-6420	1
-6400	1
-6380	2
-6360	3
-6340	3
-6320	1
-6300	0
-6280	4
-6260	3
-6240	2
-6220	2
-6200	1
-6180	0
-6160	2
-6140	3
-6120	3
-6100	0
-6080	1
-6060	0
-6040	1
-6020	0
-6000	0
-5980	4
-5960	2
-5940	2
-5920	0
-5900	2
-5880	1
-5860	0
-5840	0
-5820	0
-5800	1
-5780	0
-5760	1
-5740	1
-5720	1
-5700	1
-5680	2
-5660	4
-5640	1
-5620	2
-5600	1
-5580	1
-5560	4
-5540	1
-5520	5
-5500	1
-5480	1
-5460	1
-5440	0
-5420	1
-5400	3
-5380	1
-5360	1
-5340	1
-5320	2
-5300	1
-5280	1
-5260	1
-5240	2
-5220	1
-5200	1
-5180	1
-5160	3
-5140	1
-5120	1
-5100	1
-5080	2
-5060	3
-5040	3
-5020	3
-5000	2
-4980	1
-4960	2
-4940	1
-4920	2
-4900	0
-4880	5
-4860	1
-4840	1
-4820	4
-4800	2
-4780	1
-4760	1
-4740	1
-4720	0
-4700	0
-4680	1
-4660	2
-4640	0
-4620	1
-4600	1
-4580	2
-4560	1
-4540	2
-4520	0
-4500	0
-4480	2
-4460	1
-4440	1
-4420	1
-4400	2
-4380	1
-4360	1
-4340	5
-4320	1
-4300	2
-4280	2
-4260	0
-4240	0
-4220	2
-4200	5
-4180	0
-4160	3
-4140	2
-4120	0
-4100	1
-4080	3
-4060	2
-4040	4
-4020	10
-4000	4
-3980	0
-3960	3
-3940	0
-3920	0
-3900	2
-3880	1
-3860	1
-3840	3
-3820	1
-3800	0
-3780	3
-3760	2
-3740	1
-3720	1
-3700	3
-3680	0
-3660	2
-3640	2
-3620	1
-3600	3
-3580	2
-3560	2
-3540	1
-3520	1
-3500	3
-3480	2
-3460	1
-3440	3
-3420	2
-3400	3
-3380	1
-3360	0
-3340	3
-3320	2
-3300	4
-3280	3
-3260	6
-3240	11
-3220	14
-3200	15
-3180	10
-3160	1
-3140	6
-3120	3
-3100	3
-3080	2
-3060	1
-3040	1
-3020	2
-3000	1
-2980	2
-2960	2
-2940	2
-2920	1
-2900	2
-2880	1
-2860	1
-2840	2
-2820	0
-2800	1
-2780	3
-2760	2
-2740	4
-2720	5
-2700	2
-2680	1
-2660	0
-2640	3
-2620	2
-2600	1
-2580	1
-2560	0
-2540	2
-2520	2
-2500	2
-2480	3
-2460	3
-2440	2
-2420	2
-2400	3
-2380	5
-2360	0
-2340	1
-2320	3
-2300	1
-2280	1
-2260	2
-2240	2
-2220	2
-2200	2
-2180	0
-2160	2
-2140	4
-2120	2
-2100	4
-2080	0
-2060	2
-2040	1
-2020	3
-2000	1
-1980	1
-1960	0
-1940	1
-1920	4
-1900	4
-1880	3
-1860	3
-1840	2
-1820	3
-1800	1
-1780	3
-1760	3
-1740	4
-1720	3
-1700	1
-1680	3
-1660	3
-1640	3
-1620	3
-1600	4
-1580	0
-1560	2
-1540	0
-1520	4
-1500	1
-1480	1
-1460	1
-1440	4
-1420	3
-1400	1
-1380	1
-1360	1
-1340	3
-1320	3
-1300	3
-1280	2
-1260	1
-1240	2
-1220	3
-1200	1
-1180	1
-1160	3
-1140	3
-1120	2
-1100	2
-1080	1
-1060	0
-1040	3
-1020	3
-1000	1
-980	2
-960	1
-940	3
-920	2
-900	3
-880	3
-860	4
-840	0
-820	1
-800	3
-780	1
-760	1
-740	2
-720	4
-700	0
-680	2
-660	3
-640	2
-620	0
-600	1
-580	4
-560	6
-540	3
-520	1
-500	3
-480	2
-460	4
-440	6
-420	2
-400	2
-380	4
-360	0
-340	1
-320	4
-300	5
-280	0
-260	5
-240	6
-220	7
-200	15
-180	28
-160	35
-140	77
-120	120
-100	179
-80	241
-60	446
-40	1288
-20	4080
0	4145
20	782
40	107
60	28
80	8
100	11
120	5
140	10
160	11
180	10
200	5
220	3
240	6
260	6
280	7
300	2
320	2
340	6
360	0
380	2
400	7
420	4
440	6
460	3
480	6
500	5
520	2
540	4
560	2
580	6
600	4
620	4
640	9
660	5
680	9
700	4
720	1
740	7
760	1
780	7
800	3
820	11
840	12
860	10
880	7
900	2
920	3
940	5
960	1
980	5
1000	3
1020	4
1040	4
1060	4
1080	3
1100	7
1120	8
1140	6
1160	4
1180	7
1200	1
1220	6
1240	2
1260	1
1280	4
1300	5
1320	9
1340	3
1360	6
1380	14
1400	11
1420	10
1440	2
1460	2
1480	7
1500	1
1520	7
1540	2
1560	4
1580	0
1600	10
1620	2
1640	3
1660	8
1680	2
1700	4
1720	2
1740	2
1760	3
1780	3
1800	6
1820	6
1840	3
1860	4
1880	3
1900	2
1920	4
1940	5
1960	5
1980	2
2000	4
2020	4
2040	2
2060	6
2080	8
2100	3
2120	1
2140	4
2160	4
2180	5
2200	2
2220	3
2240	5
2260	5
2280	6
2300	5
2320	4
2340	4
2360	1
2380	6
2400	4
2420	4
2440	2
2460	2
2480	4
2500	3
2520	0
2540	6
2560	9
2580	4
2600	4
2620	4
2640	5
2660	3
2680	2
2700	2
2720	3
2740	4
2760	5
2780	5
2800	3
2820	3
2840	4
2860	5
2880	2
2900	1
2920	3
2940	4
2960	3
2980	4
3000	0
3020	6
3040	4
3060	4
3080	4
3100	4
3120	4
3140	3
3160	0
3180	3
3200	3
3220	3
3240	3
3260	4
3280	4
3300	3
3320	4
3340	5
3360	2
3380	3
3400	7
3420	7
3440	4
3460	1
3480	4
3500	0
3520	3
3540	1
3560	1
3580	3
3600	7
3620	4
3640	2
3660	1
3680	3
3700	2
3720	8
3740	3
3760	3
3780	3
3800	4
3820	7
3840	5
3860	1
3880	5
3900	4
3920	5
3940	6
3960	4
3980	5
4000	7
4020	8
4040	6
4060	4
4080	4
4100	2
4120	3
4140	5
4160	5
4180	1
4200	8
4220	1
4240	2
4260	7
4280	2
4300	1
4320	4
4340	5
4360	5
4380	6
4400	4
4420	9
4440	3
4460	5
4480	2
4500	5
4520	5
4540	4
4560	3
4580	3
4600	4
4620	8
4640	4
4660	5
4680	8
4700	5
4720	4
4740	3
4760	3
4780	4
4800	3
4820	7
4840	11
4860	8
4880	4
4900	5
4920	3
4940	3
4960	4
4980	7
5000	5
5020	1
5040	2
5060	3
5080	1
5100	4
5120	4
5140	1
5160	2
5180	2
5200	7
5220	4
5240	9
5260	1
5280	3
5300	5
5320	1
5340	1
5360	2
5380	3
5400	4
5420	5
5440	2
5460	4
5480	6
5500	2
5520	3
5540	5
5560	3
5580	1
5600	7
5620	6
5640	7
5660	4
5680	5
5700	8
5720	6
5740	1
5760	5
5780	1
5800	5
5820	5
5840	2
5860	5
5880	6
5900	5
5920	2
5940	4
5960	2
5980	9
6000	5
6020	8
6040	6
6060	5
6080	5
6100	5
6120	4
6140	4
6160	2
6180	4
6200	3
6220	5
6240	6
6260	5
6280	3
6300	4
6320	2
6340	5
6360	3
6380	4
6400	6
6420	5
6440	1
6460	5
6480	7
6500	4
6520	5
6540	2
6560	3
6580	2
6600	3
6620	3
6640	1
6660	0
6680	3
6700	8
6720	4
6740	3
6760	2
6780	2
6800	3
6820	2
6840	3
6860	5
6880	3
6900	5
6920	2
6940	4
6960	1
6980	6
7000	5
7020	4
7040	5
7060	4
7080	6
7100	2
7120	4
7140	4
7160	2
7180	3
7200	1
7220	2
7240	3
7260	2
7280	4
7300	4
7320	5
7340	6
7360	7
7380	6
7400	4
7420	6
7440	8
7460	3
7480	4
7500	3
7520	5
7540	4
7560	5
7580	2
7600	8
7620	2
7640	6
7660	4
7680	2
7700	6
7720	0
7740	7
7760	3
7780	3
7800	3
7820	4
7840	2
7860	3
7880	5
7900	6
7920	2
7940	1
7960	6
7980	4
8000	1
8020	4
8040	5
8060	5
8080	5
8100	3
8120	4
8140	2
8160	5
8180	2
8200	5
8220	9
8240	3
8260	6
8280	4
8300	7
8320	3
8340	4
8360	2
8380	4
8400	2
8420	0
8440	6
8460	8
8480	5
8500	1
8520	7
8540	4
8560	3
8580	4
8600	3
8620	3
8640	2
8660	1
8680	12
8700	1
8720	9
8740	6
8760	4
8780	1
8800	10
8820	4
8840	5
8860	4
8880	4
8900	6
8920	5
8940	2
8960	2
8980	4
9000	5
9020	5
9040	6
9060	2
9080	6
9100	4
9120	8
9140	4
9160	4
9180	5
9200	5
9220	8
9240	16
9260	21
9280	24
9300	14
9320	6
9340	4
9360	5
9380	5
9400	4
9420	6
9440	5
9460	5
9480	4
9500	5
9520	5
9540	4
9560	7
9580	2
9600	7
9620	12
9640	6
9660	3
9680	5
9700	4
9720	5
9740	2
9760	9
9780	8
9800	5
9820	5
9840	1
9860	3
9880	7
9900	4
9920	7
9940	2
9960	8
9980	6
10000	5
10020	3
10040	4
10060	7
10080	2
10100	4
10120	8
10140	7
10160	4
10180	6
10200	4
10220	3
10240	4
10260	5
10280	10
10300	6
10320	2
10340	9
10360	7
10380	4
10400	2
10420	5
10440	1
10460	13
10480	7
10500	6
10520	6
10540	0
10560	8
10580	1
10600	1
10620	3
10640	4
10660	8
10680	2
10700	4
10720	3
10740	6
10760	4
10780	5
10800	2
10820	6
10840	8
10860	3
10880	13
10900	6
10920	5
10940	7
10960	4
10980	3
11000	2
11020	5
11040	4
11060	8
11080	4
11100	6
11120	7
11140	6
11160	3
11180	5
11200	6
11220	4
11240	6
11260	3
11280	11
11300	2
11320	6
11340	5
11360	8
11380	5
11400	8
11420	3
11440	10
11460	7
11480	9
11500	5
11520	8
11540	14
11560	5
11580	7
11600	7
11620	7
11640	4
11660	6
11680	3
11700	4
11720	4
11740	2
11760	6
11780	5
11800	8
11820	5
11840	4
11860	5
11880	7
11900	7
11920	5
11940	7
11960	5
11980	11
12000	6
12020	5
12040	5
12060	4
12080	3
12100	6
12120	13
12140	8
12160	2
12180	5
12200	4
12220	4
12240	10
12260	15
12280	17
12300	36
12320	39
12340	85
12360	159
12380	332
12400	732
12420	1730
12440	3964
12460	7250
12480	8407
12500	4116
12520	982
12540	180
12560	44
12580	17
12600	18
12620	15
12640	23
12660	12
12680	12
12700	6
12720	5
12740	7
12760	3
12780	8
12800	2
12820	3
12840	6
12860	1
12880	6
12900	2
12920	2
12940	3
12960	2
12980	4
13000	3
13020	3
13040	6
13060	7
13080	3
13100	3
13120	2
13140	1
13160	8
13180	3
13200	4
13220	6
13240	5
13260	3
13280	6
13300	11
13320	12
13340	11
13360	4
13380	0
13400	5
13420	4
13440	1
13460	4
13480	5
13500	2
13520	4
13540	5
13560	3
13580	2
13600	2
13620	4
13640	3
13660	3
13680	5
13700	11
13720	5
13740	2
13760	4
13780	1
13800	1
13820	3
13840	5
13860	7
13880	9
13900	6
13920	9
13940	1
13960	4
13980	3
14000	5
14020	0
14040	2
14060	1
14080	3
14100	10
14120	5
14140	0
14160	5
14180	4
14200	3
14220	2
14240	6
14260	4
14280	1
14300	0
14320	3
14340	6
14360	1
14380	4
14400	1
14420	6
14440	3
14460	5
14480	4
14500	4
14520	1
14540	2
14560	6
14580	3
14600	4
14620	6
14640	5
14660	4
14680	0
14700	2
14720	4
14740	2
14760	3
14780	5
14800	2
14820	7
14840	4
14860	2
14880	4
14900	2
14920	2
14940	5
14960	3
14980	5
15000	2
15020	4
15040	5
15060	2
15080	3
15100	3
15120	4
15140	6
15160	6
15180	4
15200	6
15220	4
15240	1
15260	6
15280	7
15300	4
15320	7
15340	3
15360	2
15380	4
15400	4
15420	2
15440	5
15460	2
15480	6
15500	3
15520	3
15540	3
15560	7
15580	3
15600	3
15620	2
15640	5
15660	3
15680	4
15700	3
15720	8
15740	6
15760	6
15780	6
15800	6
15820	2
15840	5
15860	10
15880	2
15900	4
15920	7
15940	2
15960	1
15980	7
16000	2
16020	5
16040	4
16060	1
16080	3
16100	3
16120	1
16140	6
16160	1
16180	2
16200	6
16220	5
16240	1
16260	2
16280	3
16300	2
16320	3
16340	2
16360	4
16380	2
16400	2
16420	6
16440	5
16460	7
16480	7
16500	6
16520	7
16540	2
16560	6
16580	3
16600	2
16620	4
16640	5
16660	3
16680	5
16700	4
16720	5
16740	4
16760	3
16780	3
16800	4
16820	4
16840	2
16860	3
16880	2
16900	5
16920	2
16940	4
16960	3
16980	2
17000	4
17020	4
17040	3
17060	5
17080	4
17100	3
17120	2
17140	2
17160	2
17180	4
17200	7
17220	5
17240	2
17260	3
17280	7
17300	7
17320	7
17340	4
17360	2
17380	4
17400	2
17420	6
17440	4
17460	2
17480	5
17500	3
17520	6
17540	4
17560	3
17580	5
17600	4
17620	9
17640	4
17660	7
17680	5
17700	5
17720	6
17740	6
17760	2
17780	3
17800	5
17820	3
17840	1
17860	4
17880	9
17900	2
17920	5
17940	6
17960	4
17980	4
18000	6
18020	2
18040	3
18060	4
18080	2
18100	5
18120	3
18140	3
18160	2
18180	6
18200	2
18220	5
18240	2
18260	5
18280	5
18300	1
18320	5
18340	4
18360	4
18380	1
18400	2
18420	3
18440	6
18460	5
18480	4
18500	2
18520	4
18540	9
18560	7
18580	3
18600	5
18620	5
18640	2
18660	1
18680	8
18700	6
18720	5
18740	4
18760	3
18780	6
18800	3
18820	5
18840	4
18860	6
18880	4
18900	7
18920	2
18940	4
18960	4
18980	4
19000	4
19020	1
19040	0
19060	1
19080	4
19100	8
19120	2
19140	2
19160	1
19180	2
19200	4
19220	7
19240	6
19260	0
19280	3
19300	5
19320	5
19340	4
19360	5
19380	8
19400	4
19420	5
19440	3
19460	3
19480	2
19500	2
19520	5
19540	5
19560	4
19580	5
19600	2
19620	6
19640	2
19660	8
19680	1
19700	3
19720	4
19740	6
19760	1
19780	5
19800	4
19820	6
19840	7
19860	4
19880	3
19900	2
19920	3
19940	4
19960	7
19980	7
