"Time differences (ps)"	"Counts per bin"
-20000	2
-19980	2
-19960	6
-19940	5
-19920	4
-19900	3
-19880	3
-19860	4
-19840	1
-19820	4
-19800	1
-19780	5
-19760	2
-19740	2
-19720	1
-19700	3
-19680	2
-19660	5
-19640	6
-19620	3
-19600	1
-19580	4
-19560	2
-19540	3
-19520	1
-19500	3
-19480	0
-19460	4
-19440	2
-19420	1
-19400	4
-19380	4
-19360	2
-19340	2
-19320	5
-19300	5
-19280	1
-19260	2
-19240	3
-19220	3
-19200	1
-19180	3
-19160	3
-19140	3
-19120	2
-19100	3
-19080	3
-19060	1
-19040	1
-19020	5
-19000	4
-18980	2
-18960	2
-18940	0
-18920	6
-18900	0
-18880	1
-18860	3
-18840	2
-18820	3
-18800	4
-18780	4
-18760	2
-18740	4
-18720	1
-18700	3
-18680	2
-18660	1
-18640	3
-18620	4
-18600	2
-18580	1
-18560	4
-18540	0
-18520	0
-18500	3
-18480	4
-18460	3
-18440	5
-18420	2
-18400	0
-18380	4
-18360	4
-18340	1
-18320	5
-18300	2
-18280	3
-18260	5
-18240	6
-18220	5
-18200	2
-18180	2
-18160	0
-18140	6
-18120	1
-18100	4
-18080	4
-18060	3
-18040	0
-18020	2
-18000	3
-17980	2
-17960	0
-17940	3
-17920	2
-17900	1
-17880	3
-17860	4
-17840	1
-17820	1
-17800	1
-17780	1
-17760	2
-17740	0
-17720	1
-17700	3
-17680	5
-17660	1
-17640	7
-17620	1
-17600	2
-17580	5
-17560	3
-17540	2
-17520	1
-17500	1
-17480	1
-17460	2
-17440	2
-17420	1
-17400	3
-17380	4
-17360	5
-17340	8
-17320	4
-17300	4
-17280	3
-17260	7
-17240	4
-17220	4
-17200	8
-17180	2
-17160	4
-17140	4
-17120	1
-17100	2
-17080	3
-17060	1
-17040	1
-17020	1
-17000	0
-16980	2
-16960	0
-16940	4
-16920	2
-16900	2
-16880	5
-16860	1
-16840	2
-16820	3
-16800	2
-16780	3
-16760	1
-16740	0
-16720	5
-16700	3
-16680	1
-16660	2
-16640	1
-16620	4
-16600	2
-16580	2
-16560	6
-16540	2
-16520	1
-16500	5
-16480	9
-16460	4
-16440	4
-16420	4
-16400	2
-16380	2
-16360	3
-16340	2
-16320	1
-16300	2
-16280	0
-16260	6
-16240	1
-16220	1
-16200	1
-16180	0
-16160	1
-16140	3
-16120	1
-16100	2
-16080	2
-16060	3
-16040	0
-16020	2
-16000	3
-15980	3
-15960	2
-15940	1
-15920	1
-15900	3
-15880	2
-15860	2
-15840	3
-15820	4
-15800	3
-15780	4
-15760	6
-15740	2
-15720	2
-15700	1
-15680	4
-15660	1
-15640	3
-15620	1
-15600	4
-15580	1
-15560	6
-15540	1
-15520	4
-15500	3
-15480	2
-15460	3
-15440	1
-15420	3
-15400	1
-15380	3
-15360	2
-15340	1
-15320	4
-15300	3
-15280	1
-15260	0
-15240	1
-15220	0
-15200	2
-15180	3
-15160	3
-15140	3
-15120	4
-15100	7
-15080	2
-15060	2
-15040	1
-15020	3
-15000	6
-14980	4
-14960	3
-14940	1
-14920	4
-14900	1
-14880	1
-14860	4
-14840	2
-14820	1
-14800	1
-14780	0
-14760	5
-14740	2
-14720	3
-14700	2
-14680	3
-14660	0
-14640	5
-14620	2
-14600	3
-14580	1
-14560	6
-14540	1
-14520	3
-14500	2
-14480	1
-14460	1
-14440	3
-14420	5
-14400	5
-14380	1
-14360	3
-14340	2
-14320	3
-14300	3
-14280	2
-14260	3
-14240	3
-14220	2
-14200	3
-14180	3
-14160	2
-14140	1
-14120	1
-14100	2
-14080	1
-14060	5
-14040	3
-14020	0
-14000	3
-13980	3
-13960	1
-13940	1
-13920	6
-13900	3
-13880	4
-13860	4
-13840	6
-13820	14
-13800	11
-13780	2
-13760	6
-13740	1
-13720	3
-13700	5
-13680	3
-13660	1
-13640	3
-13620	1
-13600	1
-13580	1
-13560	2
-13540	2
-13520	2
-13500	2
-13480	2
-13460	1
-13440	3
-13420	0
-13400	2
-13380	9
-13360	9
-13340	15
-13320	5
-13300	5
-13280	4
-13260	6
-13240	2
-13220	2
-13200	0
-13180	1
-13160	3
-13140	1
-13120	0
-13100	2
-13080	2
-13060	2
-13040	0
-13020	1
-13000	5
-12980	5
-12960	4
-12940	2
-12920	2
-12900	5
-12880	4
-12860	5
-12840	1
-12820	2
-12800	3
-12780	2
-12760	2
-12740	4
-12720	7
-12700	11
-12680	11
-12660	13
-12640	6
-12620	6
-12600	10
-12580	31
-12560	174
-12540	655
-12520	2441
-12500	6310
-12480	7840
-12460	5364
-12440	2793
-12420	1274
-12400	593
-12380	267
-12360	138
-12340	109
-12320	77
-12300	65
-12280	24
-12260	21
-12240	16
-12220	9
-12200	6
-12180	9
-12160	8
-12140	6
-12120	7
-12100	6
-12080	4
-12060	6
-12040	5
-12020	2
-12000	4
-11980	3
-11960	7
-11940	2
-11920	3
-11900	2
-11880	6
-11860	5
-11840	5
-11820	5
-11800	3
-11780	2
-11760	3
-11740	4
-11720	7
-11700	5
-11680	1
-11660	4
-11640	4
-11620	5
-11600	1
-11580	6
-11560	4
-11540	4
-11520	2
-11500	2
-11480	5
-11460	6
-11440	4
-11420	1
-11400	4
-11380	1
-11360	2
-11340	2
-11320	2
-11300	3
-11280	5
-11260	1
-11240	4
-11220	1
-11200	2
-11180	2
-11160	3
-11140	2
-11120	2
-11100	3
-11080	4
-11060	5
-11040	3
-11020	6
-11000	1
-10980	1
-10960	4
-10940	4
-10920	3
-10900	4
-10880	2
-10860	4
-10840	4
-10820	2
-10800	3
-10780	3
-10760	5
-10740	1
-10720	1
-10700	2
-10680	2
-10660	3
-10640	10
-10620	4
-10600	1
-10580	3
-10560	1
-10540	4
-10520	5
-10500	5
-10480	1
-10460	3
-10440	1
-10420	4
-10400	1
-10380	2
-10360	3
-10340	2
-10320	3
-10300	4
-10280	5
-10260	4
-10240	2
-10220	5
-10200	7
-10180	5
-10160	2
-10140	3
-10120	0
-10100	2
-10080	1
-10060	4
-10040	5
-10020	3
-10000	5
-9980	3
-9960	1
-9940	4
-9920	3
-9900	2
-9880	4
-9860	0
-9840	3
-9820	0
-9800	0
-9780	2
-9760	2
-9740	5
-9720	5
-9700	3
-9680	2
-9660	4
-9640	4
-9620	4
-9600	4
-9580	6
-9560	2
-9540	3
-9520	3
-9500	5
-9480	6
-9460	2
-9440	3
-9420	6
-9400	3
-9380	4
-9360	2
-9340	0
-9320	3
-9300	1
-9280	1
-9260	1
-9240	4
-9220	6
-9200	18
-9180	12
-9160	6
-9140	7
-9120	0
-9100	7
-9080	9
-9060	4
-9040	5
-9020	3
-9000	6
-8980	1
-8960	5
-8940	3
-8920	5
-8900	2
-8880	2
-8860	3
-8840	4
-8820	5
-8800	4
-8780	2
-8760	1
-8740	0
-8720	1
-8700	1
-8680	0
-8660	4
-8640	5
-8620	3
-8600	2
-8580	1
-8560	6
-8540	3
-8520	1
-8500	8
-8480	4
-8460	5
-8440	3
-8420	3
-8400	4
-8380	4
-8360	3
-8340	2
-8320	2
-8300	5
-8280	5
-8260	2
-8240	4
-8220	2
-8200	4
-8180	2
-8160	5
-8140	2
-8120	1
-8100	2
-8080	3
-8060	4
-8040	2
-8020	1
-8000	2
-7980	5
-7960	4
-7940	1
-7920	2
-7900	4
-7880	0
-7860	0
-7840	2
-7820	1
-7800	6
-7780	2
-7760	1
-7740	5
-7720	3
-7700	4
-7680	7
-7660	4
-7640	3
-7620	3
-7600	2
-7580	4
-7560	1
-7540	3
-7520	5
-7500	0
-7480	4
-7460	5
-7440	3
-7420	3
-7400	0
-7380	3
-7360	2
-7340	3
-7320	5
-7300	5
-7280	1
-7260	6
-7240	4
-7220	2
-7200	2
-7180	1
-7160	1
-7140	2
-7120	2
-7100	3
-7080	1
-7060	8
-7040	2
-7020	3
-7000	2
-6980	2
-6960	1
-6940	1
-6920	1
-6900	4
-6880	5
-6860	3
-6840	2
-6820	3
-6800	3
-6780	4
-6760	1
-6740	1
-6720	4
-6700	2
-6680	3
-6660	3
-6640	2
-6620	0
-6600	3
-6580	2
-6560	2
-6540	2
-6520	1
-6500	0
-6480	1
-6460	3
-6440	3
-6420	7
-6400	3
-6380	2
-6360	3
-6340	4
-6320	7
-6300	9
-6280	4
-6260	6
-6240	0
-6220	3
-6200	1
-6180	3
-6160	4
-6140	2
-6120	2
-6100	4
-6080	4
-6060	2
-6040	4
-6020	4
-6000	1
-5980	1
-5960	3
-5940	2
-5920	4
-5900	2
-5880	3
-5860	6
-5840	3
-5820	6
-5800	4
-5780	1
-5760	2
-5740	1
-5720	2
-5700	3
-5680	3
-5660	4
-5640	2
-5620	1
-5600	0
-5580	1
-5560	1
-5540	1
-5520	3
-5500	2
-5480	3
-5460	2
-5440	0
-5420	3
-5400	2
-5380	2
-5360	5
-5340	2
-5320	2
-5300	1
-5280	6
-5260	2
-5240	3
-5220	5
-5200	4
-5180	6
-5160	7
-5140	3
-5120	4
-5100	5
-5080	3
-5060	5
-5040	3
-5020	4
-5000	1
-4980	3
-4960	4
-4940	2
-4920	4
-4900	4
-4880	9
-4860	2
-4840	5
-4820	3
-4800	5
-4780	2
-4760	2
-4740	8
-4720	8
-4700	4
-4680	2
-4660	5
-4640	2
-4620	3
-4600	2
-4580	1
-4560	5
-4540	2
-4520	1
-4500	1
-4480	1
-4460	1
-4440	2
-4420	0
-4400	0
-4380	2
-4360	1
-4340	1
-4320	3
-4300	0
-4280	4
-4260	2
-4240	0
-4220	2
-4200	2
-4180	2
-4160	3
-4140	4
-4120	3
-4100	5
-4080	4
-4060	2
-4040	6
-4020	7
-4000	12
-3980	4
-3960	2
-3940	2
-3920	6
-3900	3
-3880	2
-3860	3
-3840	5
-3820	6
-3800	2
-3780	3
-3760	3
-3740	3
-3720	2
-3700	2
-3680	1
-3660	6
-3640	5
-3620	1
-3600	1
-3580	1
-3560	1
-3540	1
-3520	2
-3500	4
-3480	2
-3460	3
-3440	2
-3420	4
-3400	2
-3380	2
-3360	2
-3340	1
-3320	2
-3300	2
-3280	5
-3260	2
-3240	2
-3220	1
-3200	2
-3180	2
-3160	1
-3140	2
-3120	2
-3100	3
-3080	2
-3060	4
-3040	2
-3020	0
-3000	1
-2980	3
-2960	1
-2940	2
-2920	1
-2900	3
-2880	2
-2860	6
-2840	3
-2820	1
-2800	1
-2780	4
-2760	3
-2740	2
-2720	3
-2700	0
-2680	1
-2660	1
-2640	1
-2620	5
-2600	3
-2580	1
-2560	3
-2540	3
-2520	2
-2500	1
-2480	1
-2460	1
-2440	2
-2420	3
-2400	2
-2380	2
-2360	1
-2340	4
-2320	5
-2300	2
-2280	1
-2260	2
-2240	1
-2220	3
-2200	2
-2180	3
-2160	2
-2140	2
-2120	1
-2100	1
-2080	1
-2060	2
-2040	2
-2020	3
-2000	2
-1980	1
-1960	2
-1940	2
-1920	2
-1900	2
-1880	2
-1860	2
-1840	3
-1820	6
-1800	4
-1780	3
-1760	0
-1740	6
-1720	3
-1700	2
-1680	1
-1660	1
-1640	0
-1620	3
-1600	2
-1580	5
-1560	3
-1540	2
-1520	3
-1500	4
-1480	4
-1460	2
-1440	2
-1420	1
-1400	3
-1380	2
-1360	4
-1340	6
-1320	6
-1300	8
-1280	2
-1260	3
-1240	2
-1220	2
-1200	3
-1180	3
-1160	7
-1140	1
-1120	4
-1100	4
-1080	4
-1060	3
-1040	3
-1020	4
-1000	1
-980	5
-960	0
-940	1
-920	4
-900	4
-880	8
-860	9
-840	7
-820	9
-800	4
-780	7
-760	3
-740	3
-720	3
-700	3
-680	4
-660	1
-640	2
-620	2
-600	3
-580	2
-560	2
-540	2
-520	0
-500	1
-480	1
-460	3
-440	3
-420	4
-400	4
-380	4
-360	3
-340	2
-320	1
-300	6
-280	6
-260	10
-240	11
-220	14
-200	24
-180	25
-160	17
-140	16
-120	18
-100	11
-80	49
-60	353
-40	2570
-20	14325
0	25051
20	15661
40	7436
60	3093
80	1251
100	525
120	238
140	110
160	97
180	65
200	37
220	19
240	5
260	6
280	4
300	3
320	2
340	2
360	0
380	3
400	1
420	0
440	3
460	2
480	2
500	2
520	5
540	1
560	1
580	3
600	2
620	0
640	2
660	1
680	1
700	1
720	1
740	2
760	2
780	1
800	3
820	2
840	0
860	1
880	2
900	4
920	2
940	4
960	0
980	0
1000	1
1020	1
1040	0
1060	3
1080	2
1100	1
1120	1
1140	0
1160	3
1180	2
1200	1
1220	5
1240	1
1260	2
1280	3
1300	2
1320	1
1340	1
1360	1
1380	1
1400	1
1420	1
1440	0
1460	2
1480	2
1500	3
1520	1
1540	1
1560	3
1580	1
1600	0
1620	2
1640	1
1660	3
1680	2
1700	1
1720	0
1740	1
1760	3
1780	1
1800	2
1820	1
1840	2
1860	0
1880	1
1900	3
1920	2
1940	0
1960	2
1980	1
2000	2
2020	2
2040	0
2060	1
2080	0
2100	4
2120	0
2140	2
2160	0
2180	1
2200	0
2220	2
2240	1
2260	0
2280	0
2300	1
2320	4
2340	1
2360	1
2380	2
2400	1
2420	0
2440	4
2460	0
2480	2
2500	2
2520	0
2540	0
2560	0
2580	3
2600	1
2620	0
2640	2
2660	3
2680	1
2700	0
2720	0
2740	0
2760	1
2780	1
2800	0
2820	1
2840	1
2860	4
2880	2
2900	0
2920	0
2940	2
2960	1
2980	1
3000	2
3020	2
3040	0
3060	1
3080	0
3100	2
3120	1
3140	1
3160	2
3180	1
3200	0
3220	3
3240	2
3260	6
3280	9
3300	7
3320	9
3340	5
3360	1
3380	3
3400	1
3420	3
3440	1
3460	1
3480	1
3500	0
3520	1
3540	4
3560	1
3580	1
3600	3
3620	2
3640	2
3660	1
3680	1
3700	1
3720	0
3740	0
3760	0
3780	0
3800	1
3820	3
3840	0
3860	1
3880	3
3900	0
3920	2
3940	2
3960	1
3980	1
4000	2
4020	4
4040	6
4060	4
4080	0
4100	2
4120	1
4140	1
4160	1
4180	0
4200	1
4220	4
4240	2
4260	2
4280	0
4300	4
4320	1
4340	0
4360	0
4380	2
4400	1
4420	0
4440	0
4460	0
4480	0
4500	2
4520	2
4540	0
4560	1
4580	1
4600	0
4620	0
4640	0
4660	4
4680	1
4700	1
4720	0
4740	1
4760	0
4780	1
4800	1
4820	1
4840	1
4860	0
4880	1
4900	1
4920	0
4940	2
4960	1
4980	1
5000	2
5020	2
5040	0
5060	0
5080	3
5100	0
5120	1
5140	2
5160	2
5180	1
5200	0
5220	0
5240	0
5260	1
5280	1
5300	4
5320	2
5340	1
5360	2
5380	3
5400	0
5420	2
5440	0
5460	0
5480	0
5500	1
5520	0
5540	1
5560	0
5580	2
5600	1
5620	1
5640	0
5660	1
5680	1
5700	0
5720	0
5740	1
5760	1
5780	3
5800	2
5820	1
5840	0
5860	1
5880	2
5900	2
5920	0
5940	0
5960	0
5980	2
6000	2
6020	2
6040	2
6060	0
6080	3
6100	0
6120	0
6140	1
6160	3
6180	3
6200	2
6220	3
6240	2
6260	0
6280	2
6300	1
6320	1
6340	0
6360	1
6380	0
6400	0
6420	1
6440	1
6460	1
6480	2
6500	1
6520	0
6540	1
6560	0
6580	1
6600	2
6620	1
6640	1
6660	0
6680	1
6700	1
6720	0
6740	0
6760	1
6780	1
6800	0
6820	3
6840	0
6860	2
6880	2
6900	0
6920	1
6940	0
6960	0
6980	0
7000	2
7020	0
7040	1
7060	1
7080	1
7100	1
7120	1
7140	1
7160	1
7180	0
7200	2
7220	1
7240	1
7260	0
7280	0
7300	2
7320	0
7340	4
7360	3
7380	0
7400	0
7420	1
7440	1
7460	3
7480	1
7500	2
7520	1
7540	1
7560	1
7580	2
7600	3
7620	3
7640	3
7660	0
7680	1
7700	2
7720	0
7740	1
7760	1
7780	0
7800	1
7820	1
7840	1
7860	2
7880	0
7900	1
7920	0
7940	1
7960	2
7980	0
8000	0
8020	0
8040	2
8060	1
8080	0
8100	0
8120	0
8140	3
8160	0
8180	1
8200	0
8220	1
8240	1
8260	0
8280	0
8300	1
8320	1
8340	0
8360	0
8380	1
8400	2
8420	1
8440	2
8460	2
8480	4
8500	2
8520	1
8540	1
8560	3
8580	1
8600	1
8620	1
8640	0
8660	0
8680	1
8700	0
8720	1
8740	0
8760	3
8780	0
8800	1
8820	0
8840	1
8860	2
8880	0
8900	1
8920	1
8940	1
8960	1
8980	1
9000	0
9020	1
9040	1
9060	1
9080	0
9100	0
9120	0
9140	0
9160	3
9180	0
9200	1
9220	0
9240	1
9260	0
9280	0
9300	2
9320	0
9340	1
9360	1
9380	0
9400	0
9420	2
9440	1
9460	0
9480	4
9500	3
9520	2
9540	1
9560	0
9580	0
9600	2
9620	0
9640	0
9660	3
9680	1
9700	1
9720	0
9740	1
9760	1
9780	2
9800	2
9820	0
9840	0
9860	2
9880	2
9900	0
9920	0
9940	0
9960	0
9980	0
10000	0
10020	0
10040	1
10060	0
10080	0
10100	0
10120	0
10140	0
10160	0
10180	0
10200	2
10220	0
10240	0
10260	1
10280	0
10300	0
10320	1
10340	1
10360	0
10380	0
10400	1
10420	1
10440	1
10460	1
10480	0
10500	0
10520	0
10540	2
10560	0
10580	1
10600	1
10620	0
10640	0
10660	2
10680	1
10700	3
10720	3
10740	0
10760	1
10780	1
10800	1
10820	0
10840	0
10860	0
10880	2
10900	2
10920	1
10940	0
10960	0
10980	0
11000	0
11020	0
11040	0
11060	1
11080	2
11100	1
11120	5
11140	6
11160	8
11180	6
11200	7
11220	1
11240	1
11260	0
11280	0
11300	3
11320	0
11340	0
11360	1
11380	0
11400	0
11420	0
11440	0
11460	0
11480	1
11500	2
11520	1
11540	0
11560	1
11580	3
11600	9
11620	15
11640	14
11660	8
11680	5
11700	7
11720	6
11740	2
11760	0
11780	3
11800	3
11820	0
11840	2
11860	0
11880	0
11900	3
11920	0
11940	0
11960	1
11980	0
12000	2
12020	2
12040	1
12060	0
12080	1
12100	1
12120	3
12140	0
12160	1
12180	1
12200	2
12220	7
12240	6
12260	13
12280	33
12300	26
12320	25
12340	11
12360	14
12380	16
12400	71
12420	313
12440	1319
12460	4284
12480	7880
12500	6816
12520	3873
12540	1922
12560	904
12580	376
12600	216
12620	95
12640	52
12660	47
12680	18
12700	15
12720	8
12740	6
12760	5
12780	4
12800	8
12820	0
12840	3
12860	0
12880	2
12900	7
12920	2
12940	1
12960	3
12980	3
13000	2
13020	0
13040	2
13060	1
13080	1
13100	4
13120	4
13140	0
13160	3
13180	2
13200	2
13220	0
13240	0
13260	4
13280	2
13300	6
13320	6
13340	2
13360	3
13380	0
13400	3
13420	1
13440	0
13460	1
13480	2
13500	0
13520	1
13540	1
13560	4
13580	0
13600	2
13620	2
13640	3
13660	0
13680	0
13700	1
13720	2
13740	2
13760	3
13780	2
13800	3
13820	0
13840	2
13860	0
13880	0
13900	3
13920	3
13940	4
13960	2
13980	1
14000	1
14020	4
14040	0
14060	2
14080	0
14100	2
14120	1
14140	2
14160	2
14180	2
14200	1
14220	2
14240	1
14260	2
14280	0
14300	0
14320	2
14340	1
14360	2
14380	3
14400	2
14420	1
14440	4
14460	2
14480	0
14500	0
14520	2
14540	2
14560	1
14580	2
14600	1
14620	2
14640	1
14660	1
14680	1
14700	3
14720	0
14740	2
14760	0
14780	2
14800	1
14820	2
14840	3
14860	0
14880	1
14900	1
14920	1
14940	0
14960	0
14980	3
15000	3
15020	1
15040	1
15060	3
15080	4
15100	1
15120	3
15140	0
15160	1
15180	0
15200	1
15220	2
15240	1
15260	0
15280	3
15300	0
15320	2
15340	2
15360	4
15380	3
15400	2
15420	2
15440	1
15460	1
15480	2
15500	0
15520	3
15540	0
15560	1
15580	1
15600	1
15620	1
15640	1
15660	3
15680	3
15700	1
15720	0
15740	5
15760	6
15780	8
15800	11
15820	7
15840	4
15860	9
15880	1
15900	2
15920	0
15940	2
15960	2
15980	2
16000	0
16020	1
16040	0
16060	2
16080	0
16100	0
16120	1
16140	1
16160	0
16180	1
16200	0
16220	0
16240	0
16260	1
16280	1
16300	0
16320	1
16340	0
16360	3
16380	1
16400	1
16420	0
16440	2
16460	1
16480	3
16500	4
16520	2
16540	3
16560	3
16580	3
16600	2
16620	1
16640	2
16660	0
16680	1
16700	3
16720	1
16740	3
16760	2
16780	0
16800	1
16820	1
16840	1
16860	1
16880	1
16900	3
16920	0
16940	2
16960	1
16980	3
17000	5
17020	2
17040	1
17060	1
17080	1
17100	2
17120	3
17140	2
17160	2
17180	1
17200	1
17220	1
17240	4
17260	2
17280	1
17300	4
17320	1
17340	0
17360	1
17380	1
17400	0
17420	1
17440	2
17460	1
17480	4
17500	2
17520	1
17540	0
17560	0
17580	0
17600	1
17620	2
17640	2
17660	0
17680	1
17700	1
17720	2
17740	4
17760	0
17780	1
17800	1
17820	1
17840	0
17860	0
17880	0
17900	1
17920	2
17940	2
17960	1
17980	2
18000	1
18020	0
18040	3
18060	1
18080	2
18100	0
18120	0
18140	0
18160	0
18180	2
18200	2
18220	0
18240	1
18260	1
18280	2
18300	0
18320	1
18340	1
18360	0
18380	1
18400	3
18420	0
18440	1
18460	2
18480	2
18500	0
18520	1
18540	0
18560	0
18580	1
18600	1
18620	1
18640	1
18660	0
18680	1
18700	1
18720	1
18740	0
18760	1
18780	1
18800	1
18820	2
18840	2
18860	2
18880	0
18900	1
18920	2
18940	0
18960	0
18980	0
19000	2
19020	1
19040	1
19060	1
19080	1
19100	0
19120	2
19140	2
19160	1
19180	1
19200	1
19220	1
19240	0
19260	0
19280	0
19300	0
19320	2
19340	1
19360	2
19380	1
19400	0
19420	1
19440	0
19460	1
19480	2
19500	0
19520	3
19540	1
19560	2
19580	0
19600	1
19620	0
19640	0
19660	3
19680	0
19700	1
19720	1
19740	0
19760	2
19780	0
19800	1
19820	4
19840	1
19860	3
19880	2
19900	0
19920	1
19940	2
19960	0
19980	2
