"Time differences (ps)"	"Counts per bin"
-20000	5
-19980	1
-19960	0
-19940	1
-19920	5
-19900	3
-19880	2
-19860	2
-19840	7
-19820	4
-19800	7
-19780	3
-19760	5
-19740	5
-19720	4
-19700	1
-19680	4
-19660	2
-19640	4
-19620	5
-19600	4
-19580	1
-19560	2
-19540	3
-19520	2
-19500	2
-19480	2
-19460	2
-19440	2
-19420	4
-19400	0
-19380	3
-19360	5
-19340	0
-19320	1
-19300	5
-19280	3
-19260	4
-19240	2
-19220	2
-19200	3
-19180	1
-19160	2
-19140	4
-19120	2
-19100	6
-19080	6
-19060	3
-19040	2
-19020	6
-19000	2
-18980	6
-18960	7
-18940	1
-18920	4
-18900	2
-18880	0
-18860	2
-18840	3
-18820	3
-18800	2
-18780	6
-18760	4
-18740	1
-18720	3
-18700	5
-18680	1
-18660	4
-18640	4
-18620	3
-18600	0
-18580	5
-18560	1
-18540	4
-18520	3
-18500	2
-18480	1
-18460	3
-18440	4
-18420	0
-18400	1
-18380	2
-18360	6
-18340	1
-18320	0
-18300	3
-18280	2
-18260	3
-18240	0
-18220	1
-18200	3
-18180	3
-18160	3
-18140	1
-18120	1
-18100	0
-18080	2
-18060	4
-18040	5
-18020	1
-18000	3
-17980	2
-17960	4
-17940	1
-17920	2
-17900	0
-17880	2
-17860	5
-17840	4
-17820	3
-17800	1
-17780	1
-17760	3
-17740	0
-17720	2
-17700	2
-17680	1
-17660	1
-17640	0
-17620	5
-17600	4
-17580	4
-17560	0
-17540	1
-17520	1
-17500	0
-17480	1
-17460	3
-17440	3
-17420	2
-17400	2
-17380	9
-17360	10
-17340	5
-17320	3
-17300	8
-17280	3
-17260	1
-17240	2
-17220	3
-17200	1
-17180	4
-17160	1
-17140	2
-17120	1
-17100	4
-17080	3
-17060	6
-17040	3
-17020	1
-17000	3
-16980	3
-16960	2
-16940	2
-16920	2
-16900	1
-16880	5
-16860	5
-16840	3
-16820	4
-16800	4
-16780	2
-16760	6
-16740	4
-16720	2
-16700	1
-16680	0
-16660	2
-16640	0
-16620	4
-16600	1
-16580	2
-16560	5
-16540	1
-16520	7
-16500	6
-16480	5
-16460	8
-16440	2
-16420	4
-16400	3
-16380	4
-16360	3
-16340	3
-16320	1
-16300	2
-16280	4
-16260	4
-16240	5
-16220	3
-16200	3
-16180	3
-16160	1
-16140	2
-16120	3
-16100	0
-16080	2
-16060	2
-16040	3
-16020	1
-16000	1
-15980	4
-15960	2
-15940	2
-15920	3
-15900	2
-15880	0
-15860	4
-15840	2
-15820	0
-15800	2
-15780	1
-15760	1
-15740	3
-15720	3
-15700	5
-15680	0
-15660	1
-15640	3
-15620	5
-15600	9
-15580	2
-15560	2
-15540	1
-15520	1
-15500	4
-15480	5
-15460	1
-15440	0
-15420	1
-15400	3
-15380	3
-15360	1
-15340	1
-15320	1
-15300	4
-15280	1
-15260	3
-15240	0
-15220	3
-15200	1
-15180	0
-15160	3
-15140	2
-15120	4
-15100	2
-15080	0
-15060	5
-15040	1
-15020	1
-15000	2
-14980	6
-14960	2
-14940	3
-14920	0
-14900	0
-14880	1
-14860	4
-14840	3
-14820	1
-14800	3
-14780	2
-14760	3
-14740	4
-14720	0
-14700	2
-14680	3
-14660	3
-14640	3
-14620	3
-14600	3
-14580	2
-14560	2
-14540	3
-14520	3
-14500	5
-14480	3
-14460	5
-14440	4
-14420	2
-14400	3
-14380	0
-14360	3
-14340	2
-14320	1
-14300	0
-14280	2
-14260	1
-14240	2
-14220	2
-14200	0
-14180	1
-14160	2
-14140	4
-14120	1
-14100	0
-14080	1
-14060	2
-14040	1
-14020	1
-14000	3
-13980	3
-13960	2
-13940	2
-13920	3
-13900	1
-13880	2
-13860	3
-13840	4
-13820	6
-13800	14
-13780	4
-13760	6
-13740	5
-13720	1
-13700	2
-13680	1
-13660	3
-13640	5
-13620	0
-13600	4
-13580	4
-13560	2
-13540	3
-13520	5
-13500	0
-13480	2
-13460	2
-13440	3
-13420	2
-13400	1
-13380	6
-13360	7
-13340	12
-13320	6
-13300	8
-13280	4
-13260	2
-13240	2
-13220	4
-13200	2
-13180	3
-13160	4
-13140	1
-13120	1
-13100	0
-13080	1
-13060	1
-13040	2
-13020	4
-13000	2
-12980	1
-12960	0
-12940	2
-12920	3
-12900	3
-12880	1
-12860	2
-12840	4
-12820	2
-12800	4
-12780	5
-12760	5
-12740	4
-12720	10
-12700	11
-12680	15
-12660	12
-12640	11
-12620	8
-12600	21
-12580	37
-12560	166
-12540	673
-12520	2690
-12500	7228
-12480	8883
-12460	5993
-12440	3046
-12420	1478
-12400	683
-12380	299
-12360	156
-12340	89
-12320	54
-12300	38
-12280	29
-12260	14
-12240	13
-12220	8
-12200	7
-12180	5
-12160	9
-12140	5
-12120	4
-12100	8
-12080	1
-12060	4
-12040	4
-12020	2
-12000	1
-11980	3
-11960	4
-11940	5
-11920	4
-11900	3
-11880	5
-11860	4
-11840	7
-11820	3
-11800	6
-11780	1
-11760	3
-11740	5
-11720	4
-11700	4
-11680	3
-11660	1
-11640	7
-11620	6
-11600	5
-11580	5
-11560	1
-11540	2
-11520	1
-11500	6
-11480	3
-11460	3
-11440	6
-11420	7
-11400	7
-11380	5
-11360	0
-11340	2
-11320	3
-11300	3
-11280	3
-11260	7
-11240	4
-11220	6
-11200	3
-11180	1
-11160	3
-11140	3
-11120	5
-11100	3
-11080	0
-11060	4
-11040	2
-11020	6
-11000	2
-10980	4
-10960	3
-10940	4
-10920	2
-10900	3
-10880	3
-10860	1
-10840	5
-10820	2
-10800	9
-10780	0
-10760	2
-10740	3
-10720	2
-10700	6
-10680	5
-10660	3
-10640	4
-10620	6
-10600	9
-10580	0
-10560	6
-10540	2
-10520	6
-10500	4
-10480	5
-10460	1
-10440	3
-10420	7
-10400	5
-10380	1
-10360	2
-10340	1
-10320	4
-10300	2
-10280	1
-10260	5
-10240	5
-10220	4
-10200	5
-10180	4
-10160	5
-10140	4
-10120	4
-10100	3
-10080	1
-10060	3
-10040	3
-10020	4
-10000	3
-9980	6
-9960	6
-9940	4
-9920	5
-9900	3
-9880	4
-9860	1
-9840	4
-9820	7
-9800	4
-9780	2
-9760	3
-9740	7
-9720	6
-9700	8
-9680	4
-9660	3
-9640	2
-9620	3
-9600	2
-9580	3
-9560	3
-9540	2
-9520	0
-9500	0
-9480	1
-9460	4
-9440	2
-9420	7
-9400	4
-9380	2
-9360	1
-9340	6
-9320	2
-9300	4
-9280	3
-9260	4
-9240	1
-9220	8
-9200	12
-9180	14
-9160	8
-9140	11
-9120	6
-9100	1
-9080	4
-9060	3
-9040	5
-9020	4
-9000	4
-8980	3
-8960	2
-8940	3
-8920	2
-8900	3
-8880	5
-8860	2
-8840	5
-8820	3
-8800	3
-8780	1
-8760	6
-8740	2
-8720	2
-8700	4
-8680	4
-8660	3
-8640	3
-8620	6
-8600	3
-8580	2
-8560	1
-8540	5
-8520	3
-8500	4
-8480	7
-8460	11
-8440	6
-8420	7
-8400	3
-8380	7
-8360	2
-8340	3
-8320	5
-8300	2
-8280	4
-8260	4
-8240	3
-8220	2
-8200	3
-8180	3
-8160	0
-8140	1
-8120	5
-8100	5
-8080	2
-8060	2
-8040	4
-8020	3
-8000	4
-7980	4
-7960	5
-7940	3
-7920	4
-7900	2
-7880	5
-7860	9
-7840	4
-7820	5
-7800	0
-7780	5
-7760	4
-7740	3
-7720	5
-7700	3
-7680	1
-7660	4
-7640	7
-7620	5
-7600	5
-7580	1
-7560	2
-7540	3
-7520	3
-7500	2
-7480	4
-7460	2
-7440	4
-7420	2
-7400	7
-7380	2
-7360	3
-7340	2
-7320	2
-7300	3
-7280	2
-7260	1
-7240	5
-7220	2
-7200	3
-7180	3
-7160	2
-7140	6
-7120	4
-7100	4
-7080	5
-7060	3
-7040	5
-7020	1
-7000	3
-6980	3
-6960	2
-6940	4
-6920	3
-6900	2
-6880	2
-6860	2
-6840	1
-6820	5
-6800	1
-6780	4
-6760	2
-6740	0
-6720	3
-6700	2
-6680	4
-6660	5
-6640	1
-6620	2
-6600	3
-6580	4
-6560	3
-6540	2
-6520	3
-6500	0
-6480	2
-6460	2
-6440	3
-6420	0
-6400	2
-6380	2
-6360	3
-6340	5
-6320	2
-6300	1
-6280	6
-6260	5
-6240	6
-6220	0
-6200	6
-6180	4
-6160	5
-6140	6
-6120	2
-6100	4
-6080	6
-6060	6
-6040	8
-6020	5
-6000	4
-5980	2
-5960	4
-5940	1
-5920	3
-5900	4
-5880	0
-5860	4
-5840	2
-5820	1
-5800	2
-5780	3
-5760	2
-5740	4
-5720	4
-5700	1
-5680	7
-5660	2
-5640	0
-5620	4
-5600	7
-5580	4
-5560	2
-5540	3
-5520	2
-5500	3
-5480	1
-5460	1
-5440	0
-5420	2
-5400	3
-5380	4
-5360	4
-5340	4
-5320	1
-5300	5
-5280	5
-5260	2
-5240	1
-5220	6
-5200	1
-5180	1
-5160	3
-5140	3
-5120	3
-5100	2
-5080	2
-5060	4
-5040	1
-5020	1
-5000	2
-4980	7
-4960	7
-4940	1
-4920	4
-4900	9
-4880	4
-4860	6
-4840	5
-4820	2
-4800	4
-4780	4
-4760	3
-4740	9
-4720	2
-4700	4
-4680	1
-4660	6
-4640	2
-4620	1
-4600	8
-4580	2
-4560	2
-4540	2
-4520	3
-4500	1
-4480	4
-4460	3
-4440	2
-4420	3
-4400	5
-4380	2
-4360	2
-4340	1
-4320	0
-4300	1
-4280	2
-4260	5
-4240	4
-4220	2
-4200	3
-4180	2
-4160	1
-4140	3
-4120	3
-4100	4
-4080	4
-4060	7
-4040	2
-4020	8
-4000	8
-3980	2
-3960	1
-3940	3
-3920	4
-3900	3
-3880	3
-3860	2
-3840	4
-3820	4
-3800	5
-3780	5
-3760	2
-3740	1
-3720	3
-3700	2
-3680	1
-3660	3
-3640	4
-3620	1
-3600	3
-3580	2
-3560	5
-3540	2
-3520	3
-3500	3
-3480	8
-3460	3
-3440	2
-3420	1
-3400	4
-3380	1
-3360	5
-3340	2
-3320	1
-3300	2
-3280	4
-3260	0
-3240	4
-3220	6
-3200	1
-3180	1
-3160	3
-3140	1
-3120	3
-3100	0
-3080	4
-3060	0
-3040	0
-3020	7
-3000	2
-2980	5
-2960	1
-2940	9
-2920	2
-2900	3
-2880	2
-2860	6
-2840	1
-2820	1
-2800	2
-2780	2
-2760	4
-2740	4
-2720	1
-2700	6
-2680	2
-2660	4
-2640	2
-2620	0
-2600	0
-2580	0
-2560	2
-2540	3
-2520	3
-2500	2
-2480	1
-2460	2
-2440	3
-2420	0
-2400	3
-2380	3
-2360	0
-2340	3
-2320	4
-2300	4
-2280	2
-2260	2
-2240	1
-2220	2
-2200	1
-2180	3
-2160	2
-2140	1
-2120	5
-2100	3
-2080	0
-2060	1
-2040	1
-2020	0
-2000	2
-1980	0
-1960	4
-1940	3
-1920	0
-1900	3
-1880	2
-1860	5
-1840	2
-1820	2
-1800	4
-1780	1
-1760	2
-1740	1
-1720	2
-1700	2
-1680	5
-1660	0
-1640	3
-1620	2
-1600	0
-1580	4
-1560	1
-1540	0
-1520	1
-1500	3
-1480	3
-1460	3
-1440	3
-1420	1
-1400	2
-1380	4
-1360	6
-1340	4
-1320	9
-1300	6
-1280	2
-1260	6
-1240	3
-1220	6
-1200	1
-1180	3
-1160	0
-1140	0
-1120	4
-1100	2
-1080	4
-1060	0
-1040	0
-1020	0
-1000	1
-980	2
-960	5
-940	1
-920	5
-900	5
-880	5
-860	12
-840	8
-820	12
-800	9
-780	8
-760	2
-740	6
-720	0
-700	5
-680	3
-660	4
-640	4
-620	2
-600	1
-580	2
-560	3
-540	3
-520	4
-500	4
-480	0
-460	3
-440	2
-420	5
-400	2
-380	5
-360	3
-340	3
-320	2
-300	4
-280	6
-260	5
-240	13
-220	17
-200	25
-180	15
-160	12
-140	9
-120	6
-100	15
-80	31
-60	204
-40	1528
-20	8314
0	14976
20	9641
40	4511
60	1962
80	801
100	358
120	164
140	77
160	64
180	43
200	32
220	14
240	6
260	5
280	4
300	2
320	4
340	4
360	3
380	0
400	2
420	7
440	1
460	1
480	1
500	0
520	2
540	2
560	0
580	1
600	3
620	1
640	0
660	4
680	2
700	3
720	1
740	2
760	1
780	0
800	3
820	2
840	6
860	2
880	3
900	2
920	0
940	2
960	2
980	5
1000	1
1020	1
1040	1
1060	0
1080	3
1100	4
1120	2
1140	2
1160	4
1180	2
1200	2
1220	1
1240	0
1260	1
1280	4
1300	2
1320	1
1340	1
1360	2
1380	1
1400	2
1420	2
1440	3
1460	1
1480	1
1500	2
1520	1
1540	1
1560	0
1580	2
1600	3
1620	2
1640	2
1660	1
1680	1
1700	1
1720	1
1740	1
1760	6
1780	3
1800	0
1820	1
1840	0
1860	1
1880	2
1900	1
1920	1
1940	0
1960	0
1980	1
2000	3
2020	0
2040	2
2060	3
2080	0
2100	0
2120	2
2140	0
2160	3
2180	0
2200	0
2220	1
2240	1
2260	3
2280	3
2300	2
2320	1
2340	1
2360	2
2380	3
2400	1
2420	2
2440	0
2460	1
2480	2
2500	3
2520	2
2540	0
2560	0
2580	2
2600	4
2620	1
2640	0
2660	3
2680	1
2700	0
2720	3
2740	3
2760	2
2780	1
2800	1
2820	0
2840	0
2860	1
2880	0
2900	3
2920	3
2940	0
2960	2
2980	1
3000	1
3020	1
3040	1
3060	1
3080	0
3100	1
3120	0
3140	1
3160	1
3180	1
3200	1
3220	1
3240	2
3260	7
3280	3
3300	19
3320	8
3340	2
3360	3
3380	3
3400	5
3420	2
3440	3
3460	2
3480	1
3500	1
3520	1
3540	1
3560	2
3580	2
3600	0
3620	0
3640	0
3660	1
3680	1
3700	1
3720	0
3740	0
3760	2
3780	0
3800	0
3820	1
3840	1
3860	0
3880	3
3900	5
3920	3
3940	2
3960	1
3980	3
4000	4
4020	5
4040	6
4060	2
4080	3
4100	0
4120	1
4140	2
4160	0
4180	3
4200	0
4220	2
4240	1
4260	0
4280	2
4300	1
4320	1
4340	2
4360	5
4380	2
4400	2
4420	1
4440	2
4460	0
4480	1
4500	1
4520	1
4540	3
4560	1
4580	2
4600	1
4620	2
4640	3
4660	2
4680	3
4700	2
4720	0
4740	2
4760	1
4780	4
4800	0
4820	0
4840	2
4860	1
4880	2
4900	1
4920	1
4940	1
4960	0
4980	1
5000	1
5020	1
5040	2
5060	1
5080	1
5100	1
5120	1
5140	3
5160	0
5180	0
5200	0
5220	1
5240	4
5260	0
5280	0
5300	2
5320	0
5340	0
5360	1
5380	1
5400	1
5420	2
5440	0
5460	1
5480	0
5500	1
5520	0
5540	0
5560	0
5580	1
5600	2
5620	1
5640	2
5660	0
5680	0
5700	0
5720	0
5740	1
5760	3
5780	0
5800	2
5820	0
5840	4
5860	0
5880	0
5900	1
5920	0
5940	0
5960	0
5980	0
6000	1
6020	2
6040	0
6060	2
6080	1
6100	0
6120	1
6140	0
6160	2
6180	1
6200	2
6220	3
6240	1
6260	2
6280	0
6300	1
6320	1
6340	0
6360	1
6380	1
6400	1
6420	1
6440	2
6460	0
6480	2
6500	1
6520	1
6540	0
6560	3
6580	2
6600	3
6620	0
6640	3
6660	0
6680	0
6700	0
6720	1
6740	1
6760	1
6780	0
6800	1
6820	0
6840	2
6860	0
6880	0
6900	2
6920	1
6940	1
6960	1
6980	0
7000	3
7020	0
7040	1
7060	0
7080	2
7100	1
7120	1
7140	1
7160	3
7180	1
7200	1
7220	0
7240	0
7260	1
7280	1
7300	0
7320	1
7340	1
7360	2
7380	1
7400	3
7420	0
7440	0
7460	0
7480	0
7500	1
7520	0
7540	0
7560	4
7580	3
7600	1
7620	5
7640	5
7660	4
7680	2
7700	0
7720	0
7740	0
7760	1
7780	1
7800	0
7820	2
7840	1
7860	4
7880	2
7900	2
7920	1
7940	2
7960	2
7980	0
8000	2
8020	1
8040	0
8060	0
8080	0
8100	1
8120	1
8140	0
8160	0
8180	1
8200	0
8220	0
8240	0
8260	0
8280	2
8300	0
8320	1
8340	2
8360	0
8380	0
8400	0
8420	1
8440	3
8460	4
8480	11
8500	3
8520	0
8540	2
8560	1
8580	3
8600	0
8620	0
8640	1
8660	1
8680	0
8700	0
8720	2
8740	0
8760	0
8780	0
8800	0
8820	1
8840	1
8860	2
8880	3
8900	1
8920	1
8940	1
8960	1
8980	0
9000	2
9020	0
9040	1
9060	0
9080	1
9100	2
9120	1
9140	0
9160	0
9180	0
9200	0
9220	1
9240	3
9260	1
9280	1
9300	1
9320	2
9340	2
9360	1
9380	2
9400	1
9420	1
9440	1
9460	0
9480	2
9500	0
9520	1
9540	2
9560	1
9580	0
9600	0
9620	0
9640	1
9660	2
9680	0
9700	3
9720	2
9740	0
9760	0
9780	1
9800	2
9820	0
9840	0
9860	1
9880	1
9900	0
9920	0
9940	1
9960	0
9980	0
10000	1
10020	0
10040	1
10060	0
10080	0
10100	0
10120	0
10140	0
10160	0
10180	0
10200	1
10220	1
10240	0
10260	2
10280	0
10300	1
10320	0
10340	1
10360	0
10380	1
10400	1
10420	1
10440	0
10460	0
10480	0
10500	2
10520	1
10540	1
10560	1
10580	0
10600	1
10620	1
10640	0
10660	1
10680	2
10700	1
10720	0
10740	2
10760	0
10780	2
10800	1
10820	0
10840	0
10860	0
10880	0
10900	1
10920	0
10940	1
10960	1
10980	0
11000	1
11020	1
11040	1
11060	1
11080	0
11100	0
11120	3
11140	7
11160	8
11180	4
11200	3
11220	0
11240	2
11260	0
11280	0
11300	0
11320	1
11340	1
11360	2
11380	0
11400	2
11420	0
11440	2
11460	0
11480	0
11500	1
11520	2
11540	0
11560	1
11580	4
11600	9
11620	10
11640	13
11660	6
11680	9
11700	4
11720	4
11740	1
11760	4
11780	1
11800	1
11820	1
11840	2
11860	1
11880	0
11900	0
11920	0
11940	0
11960	0
11980	3
12000	1
12020	0
12040	1
12060	0
12080	1
12100	1
12120	0
12140	1
12160	0
12180	0
12200	4
12220	1
12240	4
12260	15
12280	15
12300	18
12320	7
12340	6
12360	11
12380	29
12400	73
12420	348
12440	1454
12460	4945
12480	8881
12500	7380
12520	4315
12540	2129
12560	995
12580	409
12600	202
12620	102
12640	64
12660	40
12680	29
12700	20
12720	12
12740	9
12760	6
12780	2
12800	4
12820	3
12840	3
12860	4
12880	1
12900	1
12920	1
12940	3
12960	4
12980	1
13000	1
13020	5
13040	0
13060	0
13080	5
13100	2
13120	2
13140	1
13160	1
13180	3
13200	1
13220	1
13240	0
13260	2
13280	4
13300	0
13320	3
13340	3
13360	1
13380	1
13400	1
13420	3
13440	3
13460	2
13480	2
13500	0
13520	3
13540	1
13560	2
13580	2
13600	4
13620	3
13640	2
13660	4
13680	4
13700	2
13720	1
13740	1
13760	2
13780	0
13800	0
13820	2
13840	2
13860	4
13880	0
13900	5
13920	4
13940	4
13960	3
13980	3
14000	2
14020	2
14040	4
14060	2
14080	5
14100	1
14120	3
14140	1
14160	3
14180	2
14200	0
14220	3
14240	2
14260	2
14280	3
14300	2
14320	0
14340	1
14360	4
14380	0
14400	0
14420	0
14440	0
14460	1
14480	0
14500	1
14520	0
14540	3
14560	2
14580	1
14600	3
14620	1
14640	2
14660	0
14680	1
14700	0
14720	4
14740	3
14760	0
14780	1
14800	3
14820	0
14840	1
14860	2
14880	1
14900	3
14920	1
14940	1
14960	5
14980	0
15000	3
15020	4
15040	3
15060	2
15080	1
15100	3
15120	1
15140	1
15160	4
15180	3
15200	2
15220	4
15240	2
15260	0
15280	1
15300	1
15320	1
15340	0
15360	0
15380	1
15400	3
15420	1
15440	0
15460	0
15480	0
15500	7
15520	2
15540	2
15560	2
15580	2
15600	2
15620	1
15640	0
15660	0
15680	2
15700	1
15720	4
15740	1
15760	4
15780	11
15800	12
15820	4
15840	3
15860	6
15880	5
15900	2
15920	2
15940	0
15960	6
15980	2
16000	0
16020	2
16040	1
16060	1
16080	1
16100	2
16120	2
16140	4
16160	1
16180	0
16200	1
16220	1
16240	1
16260	1
16280	1
16300	0
16320	2
16340	1
16360	3
16380	0
16400	1
16420	1
16440	1
16460	2
16480	3
16500	8
16520	6
16540	4
16560	2
16580	6
16600	2
16620	3
16640	0
16660	0
16680	2
16700	1
16720	1
16740	1
16760	2
16780	0
16800	1
16820	1
16840	1
16860	1
16880	0
16900	1
16920	0
16940	1
16960	2
16980	2
17000	2
17020	1
17040	0
17060	0
17080	0
17100	2
17120	0
17140	0
17160	1
17180	0
17200	0
17220	3
17240	2
17260	3
17280	2
17300	1
17320	1
17340	1
17360	3
17380	2
17400	0
17420	2
17440	4
17460	1
17480	1
17500	1
17520	0
17540	0
17560	2
17580	0
17600	2
17620	1
17640	0
17660	0
17680	0
17700	2
17720	1
17740	6
17760	4
17780	0
17800	1
17820	0
17840	0
17860	1
17880	1
17900	3
17920	1
17940	3
17960	0
17980	1
18000	1
18020	0
18040	0
18060	2
18080	1
18100	2
18120	1
18140	0
18160	2
18180	2
18200	0
18220	1
18240	0
18260	0
18280	0
18300	1
18320	3
18340	2
18360	1
18380	2
18400	0
18420	1
18440	3
18460	2
18480	0
18500	1
18520	1
18540	1
18560	2
18580	1
18600	2
18620	1
18640	0
18660	1
18680	1
18700	2
18720	2
18740	0
18760	2
18780	2
18800	2
18820	1
18840	2
18860	2
18880	2
18900	1
18920	0
18940	0
18960	0
18980	0
19000	3
19020	1
19040	1
19060	0
19080	0
19100	1
19120	2
19140	1
19160	1
19180	1
19200	0
19220	0
19240	2
19260	1
19280	0
19300	2
19320	1
19340	1
19360	0
19380	0
19400	0
19420	4
19440	0
19460	1
19480	2
19500	1
19520	1
19540	0
19560	0
19580	1
19600	1
19620	2
19640	0
19660	1
19680	1
19700	1
19720	0
19740	1
19760	1
19780	0
19800	2
19820	0
19840	2
19860	1
19880	2
19900	1
19920	3
19940	0
19960	1
19980	1
