"Time differences (ps)"	"Counts per bin"
-20000	5
-19980	0
-19960	2
-19940	2
-19920	1
-19900	2
-19880	4
-19860	0
-19840	1
-19820	2
-19800	1
-19780	4
-19760	1
-19740	4
-19720	3
-19700	2
-19680	1
-19660	4
-19640	4
-19620	3
-19600	5
-19580	2
-19560	3
-19540	1
-19520	2
-19500	3
-19480	3
-19460	4
-19440	4
-19420	5
-19400	2
-19380	2
-19360	1
-19340	1
-19320	3
-19300	3
-19280	3
-19260	1
-19240	2
-19220	2
-19200	2
-19180	0
-19160	3
-19140	4
-19120	1
-19100	2
-19080	1
-19060	0
-19040	8
-19020	3
-19000	2
-18980	2
-18960	3
-18940	5
-18920	3
-18900	3
-18880	7
-18860	6
-18840	0
-18820	4
-18800	4
-18780	1
-18760	4
-18740	1
-18720	1
-18700	1
-18680	1
-18660	2
-18640	4
-18620	1
-18600	4
-18580	1
-18560	4
-18540	2
-18520	5
-18500	2
-18480	4
-18460	5
-18440	4
-18420	2
-18400	4
-18380	3
-18360	9
-18340	3
-18320	4
-18300	5
-18280	4
-18260	4
-18240	2
-18220	3
-18200	2
-18180	6
-18160	2
-18140	3
-18120	3
-18100	6
-18080	3
-18060	1
-18040	4
-18020	2
-18000	1
-17980	0
-17960	3
-17940	2
-17920	1
-17900	3
-17880	0
-17860	4
-17840	2
-17820	4
-17800	2
-17780	4
-17760	2
-17740	2
-17720	2
-17700	2
-17680	1
-17660	4
-17640	3
-17620	3
-17600	2
-17580	1
-17560	2
-17540	3
-17520	8
-17500	1
-17480	3
-17460	4
-17440	1
-17420	3
-17400	1
-17380	2
-17360	6
-17340	5
-17320	4
-17300	4
-17280	4
-17260	4
-17240	3
-17220	3
-17200	5
-17180	3
-17160	3
-17140	3
-17120	0
-17100	4
-17080	4
-17060	2
-17040	3
-17020	0
-17000	4
-16980	2
-16960	3
-16940	0
-16920	3
-16900	8
-16880	3
-16860	1
-16840	1
-16820	1
-16800	4
-16780	4
-16760	3
-16740	3
-16720	3
-16700	2
-16680	9
-16660	2
-16640	2
-16620	1
-16600	0
-16580	1
-16560	2
-16540	5
-16520	5
-16500	4
-16480	9
-16460	4
-16440	2
-16420	2
-16400	2
-16380	1
-16360	3
-16340	4
-16320	3
-16300	2
-16280	5
-16260	2
-16240	5
-16220	6
-16200	2
-16180	2
-16160	2
-16140	4
-16120	1
-16100	2
-16080	2
-16060	3
-16040	1
-16020	1
-16000	0
-15980	2
-15960	4
-15940	2
-15920	2
-15900	1
-15880	0
-15860	5
-15840	2
-15820	5
-15800	2
-15780	1
-15760	2
-15740	1
-15720	6
-15700	2
-15680	2
-15660	1
-15640	1
-15620	1
-15600	4
-15580	2
-15560	4
-15540	6
-15520	1
-15500	4
-15480	2
-15460	4
-15440	2
-15420	1
-15400	0
-15380	1
-15360	3
-15340	1
-15320	3
-15300	5
-15280	4
-15260	2
-15240	1
-15220	4
-15200	0
-15180	4
-15160	3
-15140	1
-15120	4
-15100	2
-15080	3
-15060	1
-15040	3
-15020	1
-15000	2
-14980	0
-14960	5
-14940	4
-14920	2
-14900	3
-14880	4
-14860	6
-14840	4
-14820	3
-14800	2
-14780	0
-14760	3
-14740	8
-14720	5
-14700	5
-14680	0
-14660	1
-14640	5
-14620	0
-14600	3
-14580	1
-14560	0
-14540	5
-14520	2
-14500	2
-14480	1
-14460	0
-14440	2
-14420	4
-14400	1
-14380	3
-14360	2
-14340	3
-14320	2
-14300	1
-14280	2
-14260	4
-14240	4
-14220	3
-14200	3
-14180	2
-14160	2
-14140	1
-14120	2
-14100	4
-14080	3
-14060	0
-14040	0
-14020	1
-14000	8
-13980	2
-13960	1
-13940	3
-13920	1
-13900	1
-13880	7
-13860	1
-13840	6
-13820	8
-13800	8
-13780	5
-13760	2
-13740	0
-13720	2
-13700	1
-13680	2
-13660	4
-13640	2
-13620	6
-13600	1
-13580	4
-13560	1
-13540	1
-13520	2
-13500	2
-13480	4
-13460	3
-13440	0
-13420	2
-13400	7
-13380	11
-13360	6
-13340	7
-13320	5
-13300	14
-13280	4
-13260	2
-13240	5
-13220	2
-13200	2
-13180	1
-13160	7
-13140	2
-13120	2
-13100	2
-13080	3
-13060	2
-13040	2
-13020	1
-13000	3
-12980	1
-12960	3
-12940	1
-12920	1
-12900	4
-12880	0
-12860	1
-12840	4
-12820	4
-12800	3
-12780	2
-12760	2
-12740	6
-12720	5
-12700	14
-12680	9
-12660	8
-12640	13
-12620	8
-12600	9
-12580	36
-12560	161
-12540	685
-12520	2679
-12500	7010
-12480	8747
-12460	5779
-12440	3032
-12420	1405
-12400	613
-12380	286
-12360	154
-12340	71
-12320	64
-12300	43
-12280	26
-12260	14
-12240	10
-12220	10
-12200	8
-12180	9
-12160	4
-12140	3
-12120	1
-12100	4
-12080	0
-12060	5
-12040	1
-12020	9
-12000	0
-11980	6
-11960	5
-11940	2
-11920	3
-11900	6
-11880	2
-11860	5
-11840	0
-11820	3
-11800	2
-11780	4
-11760	6
-11740	7
-11720	5
-11700	4
-11680	3
-11660	7
-11640	6
-11620	9
-11600	7
-11580	7
-11560	3
-11540	7
-11520	4
-11500	3
-11480	2
-11460	3
-11440	3
-11420	1
-11400	3
-11380	2
-11360	2
-11340	5
-11320	5
-11300	8
-11280	4
-11260	3
-11240	2
-11220	3
-11200	1
-11180	2
-11160	4
-11140	3
-11120	5
-11100	5
-11080	4
-11060	2
-11040	5
-11020	3
-11000	1
-10980	4
-10960	6
-10940	3
-10920	0
-10900	5
-10880	2
-10860	2
-10840	4
-10820	3
-10800	2
-10780	7
-10760	6
-10740	3
-10720	4
-10700	6
-10680	5
-10660	5
-10640	3
-10620	2
-10600	5
-10580	6
-10560	3
-10540	6
-10520	6
-10500	2
-10480	3
-10460	2
-10440	5
-10420	4
-10400	7
-10380	2
-10360	1
-10340	5
-10320	6
-10300	6
-10280	3
-10260	5
-10240	2
-10220	2
-10200	3
-10180	1
-10160	3
-10140	4
-10120	3
-10100	2
-10080	2
-10060	3
-10040	1
-10020	3
-10000	2
-9980	2
-9960	4
-9940	1
-9920	4
-9900	8
-9880	2
-9860	3
-9840	6
-9820	2
-9800	4
-9780	1
-9760	5
-9740	3
-9720	5
-9700	6
-9680	2
-9660	1
-9640	4
-9620	6
-9600	3
-9580	2
-9560	4
-9540	4
-9520	5
-9500	4
-9480	6
-9460	1
-9440	4
-9420	1
-9400	5
-9380	2
-9360	2
-9340	0
-9320	2
-9300	1
-9280	4
-9260	4
-9240	8
-9220	10
-9200	16
-9180	15
-9160	8
-9140	5
-9120	4
-9100	4
-9080	5
-9060	5
-9040	4
-9020	5
-9000	8
-8980	6
-8960	3
-8940	1
-8920	3
-8900	2
-8880	2
-8860	0
-8840	4
-8820	1
-8800	3
-8780	5
-8760	4
-8740	1
-8720	1
-8700	4
-8680	2
-8660	1
-8640	2
-8620	3
-8600	4
-8580	7
-8560	3
-8540	5
-8520	1
-8500	6
-8480	6
-8460	9
-8440	7
-8420	4
-8400	9
-8380	1
-8360	5
-8340	7
-8320	1
-8300	5
-8280	3
-8260	5
-8240	1
-8220	2
-8200	1
-8180	6
-8160	3
-8140	3
-8120	2
-8100	2
-8080	0
-8060	4
-8040	3
-8020	4
-8000	2
-7980	4
-7960	2
-7940	2
-7920	2
-7900	1
-7880	1
-7860	5
-7840	3
-7820	2
-7800	3
-7780	3
-7760	3
-7740	3
-7720	4
-7700	4
-7680	3
-7660	2
-7640	2
-7620	1
-7600	4
-7580	2
-7560	3
-7540	4
-7520	4
-7500	3
-7480	5
-7460	4
-7440	3
-7420	2
-7400	3
-7380	2
-7360	4
-7340	6
-7320	6
-7300	2
-7280	0
-7260	3
-7240	4
-7220	4
-7200	3
-7180	0
-7160	3
-7140	6
-7120	1
-7100	2
-7080	4
-7060	2
-7040	5
-7020	2
-7000	2
-6980	4
-6960	3
-6940	3
-6920	2
-6900	2
-6880	2
-6860	0
-6840	6
-6820	2
-6800	0
-6780	1
-6760	2
-6740	3
-6720	2
-6700	3
-6680	3
-6660	3
-6640	1
-6620	4
-6600	2
-6580	7
-6560	3
-6540	4
-6520	1
-6500	2
-6480	2
-6460	1
-6440	1
-6420	5
-6400	5
-6380	6
-6360	4
-6340	1
-6320	2
-6300	1
-6280	4
-6260	4
-6240	2
-6220	2
-6200	6
-6180	5
-6160	6
-6140	2
-6120	2
-6100	3
-6080	1
-6060	2
-6040	2
-6020	1
-6000	2
-5980	4
-5960	7
-5940	3
-5920	2
-5900	1
-5880	2
-5860	2
-5840	3
-5820	5
-5800	3
-5780	2
-5760	1
-5740	2
-5720	5
-5700	4
-5680	2
-5660	0
-5640	2
-5620	3
-5600	2
-5580	1
-5560	3
-5540	2
-5520	9
-5500	4
-5480	1
-5460	2
-5440	1
-5420	4
-5400	3
-5380	2
-5360	2
-5340	2
-5320	5
-5300	5
-5280	5
-5260	0
-5240	3
-5220	4
-5200	0
-5180	3
-5160	1
-5140	2
-5120	3
-5100	1
-5080	6
-5060	2
-5040	1
-5020	4
-5000	4
-4980	0
-4960	5
-4940	4
-4920	8
-4900	3
-4880	6
-4860	4
-4840	8
-4820	3
-4800	4
-4780	2
-4760	2
-4740	4
-4720	1
-4700	3
-4680	11
-4660	2
-4640	1
-4620	2
-4600	1
-4580	7
-4560	0
-4540	4
-4520	1
-4500	1
-4480	3
-4460	3
-4440	4
-4420	4
-4400	2
-4380	2
-4360	5
-4340	3
-4320	5
-4300	2
-4280	3
-4260	2
-4240	1
-4220	2
-4200	3
-4180	3
-4160	1
-4140	1
-4120	5
-4100	1
-4080	1
-4060	2
-4040	4
-4020	4
-4000	9
-3980	8
-3960	1
-3940	6
-3920	0
-3900	3
-3880	2
-3860	0
-3840	2
-3820	3
-3800	1
-3780	2
-3760	1
-3740	3
-3720	3
-3700	2
-3680	3
-3660	0
-3640	5
-3620	3
-3600	3
-3580	4
-3560	4
-3540	2
-3520	4
-3500	3
-3480	4
-3460	5
-3440	3
-3420	1
-3400	1
-3380	4
-3360	2
-3340	3
-3320	2
-3300	5
-3280	2
-3260	4
-3240	3
-3220	1
-3200	2
-3180	1
-3160	2
-3140	2
-3120	5
-3100	4
-3080	4
-3060	5
-3040	6
-3020	3
-3000	2
-2980	2
-2960	4
-2940	9
-2920	5
-2900	1
-2880	2
-2860	2
-2840	5
-2820	3
-2800	3
-2780	2
-2760	5
-2740	3
-2720	5
-2700	3
-2680	1
-2660	4
-2640	3
-2620	0
-2600	3
-2580	5
-2560	1
-2540	3
-2520	4
-2500	2
-2480	2
-2460	1
-2440	2
-2420	3
-2400	6
-2380	1
-2360	3
-2340	4
-2320	4
-2300	4
-2280	3
-2260	3
-2240	1
-2220	3
-2200	2
-2180	3
-2160	3
-2140	2
-2120	6
-2100	8
-2080	4
-2060	1
-2040	2
-2020	5
-2000	0
-1980	3
-1960	3
-1940	2
-1920	2
-1900	2
-1880	3
-1860	2
-1840	4
-1820	6
-1800	4
-1780	2
-1760	1
-1740	1
-1720	2
-1700	1
-1680	2
-1660	4
-1640	1
-1620	2
-1600	2
-1580	1
-1560	7
-1540	4
-1520	0
-1500	0
-1480	3
-1460	2
-1440	3
-1420	2
-1400	0
-1380	1
-1360	4
-1340	8
-1320	6
-1300	8
-1280	5
-1260	1
-1240	5
-1220	0
-1200	3
-1180	3
-1160	3
-1140	2
-1120	0
-1100	2
-1080	1
-1060	3
-1040	2
-1020	4
-1000	5
-980	2
-960	2
-940	1
-920	3
-900	2
-880	9
-860	11
-840	4
-820	5
-800	9
-780	9
-760	4
-740	1
-720	5
-700	2
-680	3
-660	3
-640	3
-620	2
-600	1
-580	1
-560	3
-540	3
-520	3
-500	5
-480	3
-460	1
-440	6
-420	2
-400	1
-380	1
-360	6
-340	1
-320	0
-300	1
-280	4
-260	3
-240	3
-220	14
-200	6
-180	13
-160	11
-140	10
-120	7
-100	7
-80	23
-60	165
-40	1175
-20	6515
0	12177
20	8832
40	4788
60	2354
80	1088
100	506
120	239
140	108
160	77
180	49
200	23
220	19
240	10
260	6
280	3
300	1
320	4
340	4
360	1
380	3
400	1
420	1
440	6
460	1
480	5
500	1
520	2
540	2
560	3
580	2
600	2
620	3
640	1
660	1
680	1
700	1
720	0
740	1
760	2
780	2
800	1
820	3
840	2
860	7
880	1
900	0
920	1
940	1
960	2
980	0
1000	2
1020	2
1040	3
1060	1
1080	3
1100	0
1120	0
1140	3
1160	2
1180	2
1200	1
1220	1
1240	3
1260	3
1280	0
1300	5
1320	1
1340	1
1360	0
1380	3
1400	2
1420	0
1440	1
1460	1
1480	2
1500	1
1520	2
1540	2
1560	1
1580	1
1600	0
1620	3
1640	3
1660	1
1680	4
1700	1
1720	1
1740	0
1760	0
1780	1
1800	2
1820	1
1840	2
1860	2
1880	2
1900	2
1920	0
1940	0
1960	3
1980	0
2000	2
2020	0
2040	2
2060	3
2080	1
2100	1
2120	1
2140	3
2160	2
2180	2
2200	1
2220	0
2240	3
2260	2
2280	5
2300	0
2320	2
2340	2
2360	1
2380	0
2400	0
2420	2
2440	2
2460	2
2480	6
2500	1
2520	0
2540	0
2560	2
2580	2
2600	1
2620	1
2640	1
2660	1
2680	0
2700	2
2720	3
2740	0
2760	2
2780	2
2800	0
2820	0
2840	4
2860	1
2880	2
2900	0
2920	2
2940	2
2960	5
2980	0
3000	2
3020	2
3040	1
3060	2
3080	1
3100	2
3120	0
3140	1
3160	4
3180	0
3200	2
3220	2
3240	1
3260	6
3280	11
3300	12
3320	7
3340	2
3360	5
3380	6
3400	3
3420	4
3440	2
3460	3
3480	1
3500	1
3520	2
3540	3
3560	0
3580	1
3600	2
3620	0
3640	1
3660	0
3680	2
3700	0
3720	1
3740	0
3760	0
3780	3
3800	0
3820	2
3840	1
3860	0
3880	1
3900	1
3920	2
3940	1
3960	3
3980	1
4000	5
4020	8
4040	4
4060	2
4080	4
4100	1
4120	1
4140	2
4160	2
4180	0
4200	1
4220	0
4240	1
4260	2
4280	1
4300	0
4320	1
4340	0
4360	0
4380	1
4400	0
4420	1
4440	1
4460	0
4480	0
4500	1
4520	0
4540	1
4560	1
4580	2
4600	1
4620	1
4640	3
4660	0
4680	0
4700	1
4720	2
4740	2
4760	0
4780	1
4800	1
4820	0
4840	1
4860	1
4880	1
4900	2
4920	2
4940	0
4960	2
4980	1
5000	3
5020	0
5040	0
5060	1
5080	1
5100	2
5120	1
5140	0
5160	1
5180	0
5200	1
5220	1
5240	0
5260	1
5280	0
5300	3
5320	0
5340	3
5360	1
5380	1
5400	0
5420	1
5440	0
5460	2
5480	0
5500	0
5520	2
5540	1
5560	0
5580	1
5600	0
5620	1
5640	1
5660	0
5680	0
5700	0
5720	0
5740	2
5760	1
5780	2
5800	0
5820	1
5840	2
5860	0
5880	0
5900	2
5920	1
5940	1
5960	1
5980	1
6000	2
6020	1
6040	2
6060	1
6080	0
6100	4
6120	3
6140	1
6160	1
6180	2
6200	2
6220	1
6240	2
6260	0
6280	1
6300	1
6320	0
6340	0
6360	2
6380	1
6400	0
6420	0
6440	0
6460	1
6480	1
6500	2
6520	2
6540	0
6560	0
6580	1
6600	0
6620	1
6640	3
6660	1
6680	0
6700	0
6720	2
6740	0
6760	1
6780	3
6800	0
6820	1
6840	1
6860	4
6880	1
6900	1
6920	2
6940	0
6960	1
6980	0
7000	0
7020	0
7040	0
7060	0
7080	0
7100	1
7120	0
7140	0
7160	0
7180	1
7200	2
7220	2
7240	0
7260	3
7280	1
7300	3
7320	0
7340	2
7360	0
7380	1
7400	0
7420	2
7440	1
7460	1
7480	1
7500	2
7520	0
7540	1
7560	2
7580	4
7600	7
7620	1
7640	4
7660	2
7680	1
7700	1
7720	2
7740	2
7760	3
7780	2
7800	0
7820	2
7840	0
7860	0
7880	2
7900	0
7920	1
7940	0
7960	0
7980	3
8000	1
8020	3
8040	0
8060	0
8080	3
8100	0
8120	1
8140	0
8160	0
8180	0
8200	0
8220	0
8240	0
8260	1
8280	0
8300	0
8320	0
8340	0
8360	2
8380	1
8400	1
8420	3
8440	0
8460	1
8480	4
8500	8
8520	2
8540	2
8560	2
8580	1
8600	1
8620	0
8640	0
8660	1
8680	2
8700	1
8720	1
8740	0
8760	1
8780	1
8800	0
8820	0
8840	2
8860	2
8880	2
8900	2
8920	0
8940	0
8960	0
8980	0
9000	0
9020	0
9040	0
9060	0
9080	0
9100	0
9120	0
9140	1
9160	0
9180	1
9200	0
9220	0
9240	1
9260	0
9280	1
9300	0
9320	2
9340	1
9360	1
9380	2
9400	0
9420	0
9440	0
9460	0
9480	1
9500	0
9520	2
9540	0
9560	1
9580	0
9600	2
9620	2
9640	1
9660	2
9680	1
9700	1
9720	0
9740	0
9760	4
9780	2
9800	0
9820	0
9840	1
9860	0
9880	0
9900	0
9920	1
9940	2
9960	0
9980	0
10000	0
10020	1
10040	0
10060	0
10080	1
10100	2
10120	1
10140	1
10160	0
10180	1
10200	0
10220	1
10240	0
10260	0
10280	2
10300	1
10320	1
10340	0
10360	0
10380	3
10400	0
10420	3
10440	0
10460	3
10480	2
10500	1
10520	0
10540	1
10560	0
10580	3
10600	1
10620	1
10640	0
10660	0
10680	0
10700	0
10720	1
10740	1
10760	0
10780	0
10800	0
10820	0
10840	1
10860	1
10880	0
10900	1
10920	0
10940	2
10960	1
10980	1
11000	0
11020	1
11040	0
11060	0
11080	1
11100	1
11120	0
11140	3
11160	6
11180	4
11200	2
11220	1
11240	0
11260	0
11280	0
11300	3
11320	1
11340	1
11360	2
11380	2
11400	1
11420	2
11440	0
11460	1
11480	0
11500	0
11520	0
11540	1
11560	0
11580	1
11600	4
11620	3
11640	3
11660	8
11680	0
11700	2
11720	2
11740	1
11760	3
11780	1
11800	0
11820	0
11840	2
11860	0
11880	0
11900	0
11920	0
11940	1
11960	0
11980	1
12000	2
12020	0
12040	0
12060	1
12080	0
12100	0
12120	2
12140	0
12160	1
12180	0
12200	4
12220	1
12240	3
12260	8
12280	11
12300	7
12320	15
12340	8
12360	10
12380	13
12400	59
12420	376
12440	1460
12460	4856
12480	8427
12500	7568
12520	4201
12540	2132
12560	893
12580	438
12600	174
12620	97
12640	70
12660	44
12680	32
12700	15
12720	4
12740	1
12760	7
12780	2
12800	1
12820	1
12840	3
12860	4
12880	2
12900	3
12920	5
12940	0
12960	1
12980	0
13000	2
13020	1
13040	4
13060	1
13080	7
13100	4
13120	3
13140	2
13160	4
13180	3
13200	5
13220	2
13240	1
13260	2
13280	1
13300	3
13320	5
13340	4
13360	1
13380	4
13400	3
13420	1
13440	3
13460	1
13480	1
13500	1
13520	1
13540	0
13560	5
13580	2
13600	2
13620	2
13640	0
13660	2
13680	1
13700	1
13720	2
13740	1
13760	3
13780	2
13800	1
13820	3
13840	3
13860	1
13880	3
13900	0
13920	3
13940	2
13960	0
13980	0
14000	0
14020	1
14040	3
14060	1
14080	3
14100	4
14120	3
14140	2
14160	3
14180	4
14200	3
14220	0
14240	2
14260	2
14280	1
14300	3
14320	3
14340	6
14360	2
14380	1
14400	0
14420	1
14440	1
14460	0
14480	1
14500	0
14520	2
14540	2
14560	4
14580	1
14600	3
14620	2
14640	1
14660	1
14680	1
14700	3
14720	4
14740	2
14760	3
14780	3
14800	1
14820	1
14840	1
14860	1
14880	3
14900	1
14920	2
14940	2
14960	6
14980	1
15000	1
15020	1
15040	0
15060	1
15080	1
15100	5
15120	2
15140	0
15160	2
15180	1
15200	2
15220	4
15240	1
15260	0
15280	1
15300	2
15320	2
15340	1
15360	0
15380	1
15400	2
15420	2
15440	2
15460	0
15480	4
15500	1
15520	1
15540	1
15560	0
15580	3
15600	0
15620	1
15640	0
15660	0
15680	1
15700	1
15720	2
15740	5
15760	6
15780	11
15800	13
15820	8
15840	5
15860	4
15880	3
15900	4
15920	0
15940	3
15960	2
15980	0
16000	1
16020	0
16040	2
16060	2
16080	2
16100	2
16120	1
16140	0
16160	0
16180	1
16200	3
16220	0
16240	0
16260	2
16280	2
16300	1
16320	3
16340	1
16360	1
16380	1
16400	4
16420	0
16440	3
16460	2
16480	5
16500	5
16520	3
16540	2
16560	1
16580	0
16600	1
16620	3
16640	3
16660	1
16680	1
16700	1
16720	5
16740	0
16760	1
16780	1
16800	2
16820	1
16840	0
16860	2
16880	1
16900	2
16920	2
16940	2
16960	1
16980	0
17000	0
17020	1
17040	2
17060	2
17080	2
17100	6
17120	3
17140	1
17160	4
17180	3
17200	0
17220	2
17240	6
17260	1
17280	1
17300	1
17320	1
17340	1
17360	1
17380	0
17400	1
17420	3
17440	2
17460	1
17480	1
17500	0
17520	0
17540	1
17560	2
17580	1
17600	3
17620	1
17640	1
17660	1
17680	1
17700	1
17720	1
17740	2
17760	3
17780	0
17800	1
17820	1
17840	1
17860	3
17880	1
17900	1
17920	0
17940	2
17960	0
17980	0
18000	1
18020	0
18040	2
18060	1
18080	2
18100	0
18120	0
18140	1
18160	1
18180	4
18200	1
18220	1
18240	0
18260	1
18280	0
18300	0
18320	1
18340	1
18360	1
18380	1
18400	0
18420	1
18440	0
18460	0
18480	1
18500	1
18520	0
18540	3
18560	2
18580	2
18600	0
18620	1
18640	1
18660	2
18680	2
18700	2
18720	2
18740	0
18760	0
18780	1
18800	1
18820	0
18840	0
18860	0
18880	0
18900	0
18920	1
18940	1
18960	0
18980	3
19000	1
19020	1
19040	1
19060	0
19080	2
19100	2
19120	1
19140	2
19160	0
19180	2
19200	1
19220	0
19240	0
19260	2
19280	0
19300	0
19320	2
19340	2
19360	1
19380	2
19400	2
19420	0
19440	0
19460	2
19480	3
19500	0
19520	0
19540	0
19560	1
19580	0
19600	0
19620	2
19640	0
19660	2
19680	1
19700	0
19720	2
19740	1
19760	2
19780	0
19800	0
19820	2
19840	0
19860	1
19880	0
19900	0
19920	3
19940	1
19960	1
19980	1
