"Time differences (ps)"	"Counts per bin"
-20000	1
-19980	4
-19960	2
-19940	2
-19920	2
-19900	3
-19880	2
-19860	3
-19840	4
-19820	2
-19800	4
-19780	4
-19760	4
-19740	3
-19720	1
-19700	2
-19680	5
-19660	2
-19640	1
-19620	2
-19600	1
-19580	5
-19560	0
-19540	2
-19520	3
-19500	1
-19480	3
-19460	1
-19440	7
-19420	2
-19400	4
-19380	3
-19360	3
-19340	6
-19320	1
-19300	3
-19280	1
-19260	0
-19240	2
-19220	3
-19200	0
-19180	5
-19160	1
-19140	4
-19120	3
-19100	0
-19080	2
-19060	2
-19040	4
-19020	3
-19000	2
-18980	0
-18960	7
-18940	3
-18920	1
-18900	4
-18880	2
-18860	5
-18840	3
-18820	2
-18800	0
-18780	3
-18760	2
-18740	3
-18720	5
-18700	0
-18680	1
-18660	1
-18640	4
-18620	1
-18600	2
-18580	0
-18560	1
-18540	4
-18520	0
-18500	2
-18480	0
-18460	2
-18440	6
-18420	1
-18400	6
-18380	4
-18360	1
-18340	4
-18320	2
-18300	5
-18280	1
-18260	2
-18240	2
-18220	1
-18200	1
-18180	1
-18160	3
-18140	3
-18120	2
-18100	2
-18080	2
-18060	3
-18040	2
-18020	0
-18000	2
-17980	3
-17960	0
-17940	2
-17920	2
-17900	3
-17880	2
-17860	0
-17840	6
-17820	3
-17800	3
-17780	2
-17760	1
-17740	3
-17720	4
-17700	2
-17680	4
-17660	3
-17640	0
-17620	5
-17600	3
-17580	0
-17560	1
-17540	0
-17520	4
-17500	2
-17480	1
-17460	0
-17440	3
-17420	2
-17400	0
-17380	3
-17360	0
-17340	5
-17320	1
-17300	2
-17280	4
-17260	4
-17240	3
-17220	4
-17200	2
-17180	0
-17160	2
-17140	1
-17120	3
-17100	1
-17080	3
-17060	3
-17040	2
-17020	0
-17000	5
-16980	0
-16960	3
-16940	2
-16920	1
-16900	5
-16880	0
-16860	3
-16840	2
-16820	1
-16800	1
-16780	1
-16760	3
-16740	1
-16720	2
-16700	1
-16680	1
-16660	3
-16640	2
-16620	2
-16600	4
-16580	4
-16560	3
-16540	3
-16520	7
-16500	3
-16480	6
-16460	3
-16440	2
-16420	1
-16400	1
-16380	3
-16360	0
-16340	3
-16320	3
-16300	2
-16280	1
-16260	4
-16240	4
-16220	2
-16200	1
-16180	1
-16160	2
-16140	0
-16120	4
-16100	2
-16080	3
-16060	5
-16040	1
-16020	1
-16000	1
-15980	2
-15960	4
-15940	3
-15920	2
-15900	1
-15880	3
-15860	4
-15840	3
-15820	2
-15800	3
-15780	1
-15760	4
-15740	2
-15720	4
-15700	3
-15680	1
-15660	2
-15640	3
-15620	0
-15600	3
-15580	2
-15560	4
-15540	0
-15520	3
-15500	3
-15480	3
-15460	1
-15440	1
-15420	3
-15400	0
-15380	4
-15360	2
-15340	1
-15320	2
-15300	2
-15280	2
-15260	1
-15240	1
-15220	4
-15200	2
-15180	4
-15160	1
-15140	2
-15120	1
-15100	3
-15080	2
-15060	2
-15040	0
-15020	3
-15000	3
-14980	3
-14960	4
-14940	4
-14920	6
-14900	2
-14880	7
-14860	3
-14840	2
-14820	1
-14800	6
-14780	2
-14760	5
-14740	1
-14720	3
-14700	3
-14680	4
-14660	4
-14640	2
-14620	3
-14600	3
-14580	2
-14560	2
-14540	2
-14520	1
-14500	3
-14480	2
-14460	2
-14440	3
-14420	4
-14400	4
-14380	4
-14360	3
-14340	3
-14320	2
-14300	4
-14280	3
-14260	4
-14240	1
-14220	1
-14200	0
-14180	1
-14160	4
-14140	7
-14120	3
-14100	2
-14080	1
-14060	4
-14040	5
-14020	4
-14000	3
-13980	6
-13960	3
-13940	1
-13920	3
-13900	3
-13880	4
-13860	0
-13840	4
-13820	6
-13800	11
-13780	9
-13760	6
-13740	3
-13720	4
-13700	0
-13680	1
-13660	2
-13640	2
-13620	1
-13600	2
-13580	2
-13560	5
-13540	2
-13520	2
-13500	2
-13480	5
-13460	2
-13440	4
-13420	3
-13400	2
-13380	8
-13360	4
-13340	8
-13320	8
-13300	3
-13280	4
-13260	4
-13240	2
-13220	4
-13200	3
-13180	3
-13160	0
-13140	2
-13120	1
-13100	1
-13080	2
-13060	1
-13040	6
-13020	2
-13000	3
-12980	2
-12960	4
-12940	0
-12920	2
-12900	2
-12880	2
-12860	7
-12840	7
-12820	3
-12800	3
-12780	2
-12760	1
-12740	3
-12720	7
-12700	11
-12680	11
-12660	13
-12640	6
-12620	8
-12600	15
-12580	35
-12560	154
-12540	697
-12520	2588
-12500	6611
-12480	7817
-12460	5253
-12440	2809
-12420	1282
-12400	624
-12380	249
-12360	124
-12340	76
-12320	65
-12300	43
-12280	28
-12260	17
-12240	10
-12220	3
-12200	4
-12180	5
-12160	5
-12140	4
-12120	7
-12100	4
-12080	4
-12060	7
-12040	5
-12020	1
-12000	4
-11980	1
-11960	1
-11940	6
-11920	6
-11900	3
-11880	4
-11860	4
-11840	8
-11820	1
-11800	5
-11780	8
-11760	1
-11740	4
-11720	1
-11700	6
-11680	2
-11660	3
-11640	4
-11620	7
-11600	6
-11580	3
-11560	3
-11540	2
-11520	0
-11500	4
-11480	3
-11460	3
-11440	7
-11420	5
-11400	5
-11380	5
-11360	5
-11340	3
-11320	2
-11300	5
-11280	4
-11260	1
-11240	1
-11220	1
-11200	3
-11180	6
-11160	7
-11140	7
-11120	1
-11100	4
-11080	3
-11060	1
-11040	8
-11020	5
-11000	2
-10980	5
-10960	3
-10940	1
-10920	2
-10900	3
-10880	4
-10860	5
-10840	3
-10820	5
-10800	2
-10780	3
-10760	3
-10740	5
-10720	3
-10700	6
-10680	4
-10660	3
-10640	4
-10620	3
-10600	5
-10580	6
-10560	7
-10540	4
-10520	1
-10500	3
-10480	5
-10460	6
-10440	0
-10420	1
-10400	1
-10380	3
-10360	3
-10340	1
-10320	2
-10300	1
-10280	1
-10260	2
-10240	5
-10220	3
-10200	4
-10180	2
-10160	1
-10140	6
-10120	4
-10100	2
-10080	2
-10060	3
-10040	4
-10020	4
-10000	2
-9980	2
-9960	0
-9940	1
-9920	2
-9900	2
-9880	1
-9860	1
-9840	2
-9820	3
-9800	1
-9780	2
-9760	2
-9740	2
-9720	7
-9700	3
-9680	2
-9660	1
-9640	0
-9620	1
-9600	3
-9580	1
-9560	4
-9540	6
-9520	6
-9500	2
-9480	3
-9460	2
-9440	1
-9420	1
-9400	3
-9380	3
-9360	5
-9340	1
-9320	5
-9300	1
-9280	1
-9260	0
-9240	9
-9220	4
-9200	14
-9180	15
-9160	4
-9140	7
-9120	3
-9100	6
-9080	4
-9060	4
-9040	1
-9020	3
-9000	4
-8980	4
-8960	3
-8940	3
-8920	5
-8900	3
-8880	4
-8860	4
-8840	3
-8820	4
-8800	4
-8780	4
-8760	3
-8740	2
-8720	3
-8700	4
-8680	2
-8660	1
-8640	3
-8620	8
-8600	4
-8580	3
-8560	3
-8540	3
-8520	5
-8500	2
-8480	3
-8460	4
-8440	5
-8420	2
-8400	4
-8380	2
-8360	3
-8340	0
-8320	2
-8300	2
-8280	1
-8260	1
-8240	1
-8220	2
-8200	3
-8180	2
-8160	1
-8140	3
-8120	3
-8100	4
-8080	1
-8060	5
-8040	3
-8020	1
-8000	2
-7980	1
-7960	3
-7940	4
-7920	6
-7900	2
-7880	4
-7860	4
-7840	3
-7820	1
-7800	0
-7780	2
-7760	6
-7740	3
-7720	2
-7700	3
-7680	4
-7660	2
-7640	2
-7620	0
-7600	2
-7580	2
-7560	2
-7540	1
-7520	1
-7500	0
-7480	1
-7460	2
-7440	1
-7420	2
-7400	4
-7380	1
-7360	1
-7340	4
-7320	3
-7300	6
-7280	3
-7260	0
-7240	2
-7220	2
-7200	4
-7180	2
-7160	2
-7140	0
-7120	3
-7100	2
-7080	2
-7060	3
-7040	3
-7020	2
-7000	2
-6980	1
-6960	3
-6940	3
-6920	1
-6900	3
-6880	2
-6860	4
-6840	0
-6820	1
-6800	2
-6780	2
-6760	3
-6740	4
-6720	5
-6700	1
-6680	4
-6660	2
-6640	1
-6620	4
-6600	2
-6580	0
-6560	3
-6540	5
-6520	1
-6500	4
-6480	2
-6460	4
-6440	1
-6420	3
-6400	7
-6380	1
-6360	2
-6340	3
-6320	6
-6300	3
-6280	5
-6260	3
-6240	1
-6220	5
-6200	2
-6180	2
-6160	2
-6140	1
-6120	5
-6100	3
-6080	2
-6060	1
-6040	1
-6020	1
-6000	1
-5980	2
-5960	3
-5940	4
-5920	5
-5900	2
-5880	0
-5860	2
-5840	3
-5820	0
-5800	2
-5780	3
-5760	1
-5740	1
-5720	2
-5700	4
-5680	2
-5660	7
-5640	5
-5620	0
-5600	3
-5580	1
-5560	1
-5540	1
-5520	3
-5500	2
-5480	1
-5460	2
-5440	1
-5420	4
-5400	3
-5380	0
-5360	1
-5340	1
-5320	2
-5300	2
-5280	6
-5260	5
-5240	1
-5220	1
-5200	1
-5180	2
-5160	3
-5140	2
-5120	2
-5100	3
-5080	2
-5060	1
-5040	0
-5020	2
-5000	1
-4980	1
-4960	0
-4940	4
-4920	3
-4900	6
-4880	5
-4860	5
-4840	4
-4820	7
-4800	1
-4780	1
-4760	3
-4740	4
-4720	4
-4700	3
-4680	2
-4660	1
-4640	4
-4620	2
-4600	0
-4580	1
-4560	3
-4540	3
-4520	3
-4500	4
-4480	4
-4460	1
-4440	0
-4420	1
-4400	3
-4380	2
-4360	3
-4340	2
-4320	1
-4300	5
-4280	0
-4260	1
-4240	1
-4220	5
-4200	3
-4180	0
-4160	0
-4140	2
-4120	2
-4100	0
-4080	2
-4060	5
-4040	5
-4020	7
-4000	8
-3980	8
-3960	1
-3940	3
-3920	6
-3900	1
-3880	1
-3860	2
-3840	3
-3820	2
-3800	1
-3780	3
-3760	2
-3740	4
-3720	1
-3700	1
-3680	2
-3660	0
-3640	1
-3620	2
-3600	1
-3580	5
-3560	2
-3540	1
-3520	1
-3500	4
-3480	3
-3460	3
-3440	2
-3420	1
-3400	2
-3380	2
-3360	1
-3340	8
-3320	2
-3300	1
-3280	4
-3260	0
-3240	2
-3220	2
-3200	0
-3180	1
-3160	3
-3140	1
-3120	3
-3100	1
-3080	2
-3060	1
-3040	2
-3020	0
-3000	2
-2980	4
-2960	1
-2940	3
-2920	2
-2900	2
-2880	1
-2860	3
-2840	3
-2820	3
-2800	3
-2780	4
-2760	5
-2740	2
-2720	3
-2700	5
-2680	2
-2660	2
-2640	1
-2620	3
-2600	2
-2580	3
-2560	2
-2540	1
-2520	2
-2500	2
-2480	3
-2460	1
-2440	3
-2420	1
-2400	1
-2380	2
-2360	2
-2340	0
-2320	0
-2300	2
-2280	4
-2260	4
-2240	6
-2220	1
-2200	1
-2180	0
-2160	1
-2140	1
-2120	1
-2100	2
-2080	2
-2060	2
-2040	4
-2020	2
-2000	0
-1980	3
-1960	2
-1940	3
-1920	0
-1900	1
-1880	2
-1860	2
-1840	1
-1820	2
-1800	4
-1780	0
-1760	4
-1740	3
-1720	3
-1700	1
-1680	1
-1660	3
-1640	2
-1620	3
-1600	1
-1580	2
-1560	1
-1540	2
-1520	1
-1500	2
-1480	3
-1460	3
-1440	3
-1420	0
-1400	0
-1380	3
-1360	3
-1340	5
-1320	11
-1300	2
-1280	7
-1260	7
-1240	2
-1220	1
-1200	2
-1180	6
-1160	1
-1140	3
-1120	1
-1100	1
-1080	3
-1060	3
-1040	2
-1020	1
-1000	0
-980	0
-960	0
-940	2
-920	3
-900	8
-880	7
-860	8
-840	9
-820	8
-800	9
-780	5
-760	3
-740	3
-720	0
-700	3
-680	5
-660	0
-640	2
-620	3
-600	2
-580	4
-560	0
-540	1
-520	2
-500	2
-480	3
-460	2
-440	3
-420	3
-400	0
-380	0
-360	0
-340	0
-320	0
-300	1
-280	3
-260	4
-240	6
-220	9
-200	16
-180	20
-160	6
-140	6
-120	3
-100	6
-80	25
-60	200
-40	1089
-20	6219
0	10891
20	6764
40	3218
60	1386
80	639
100	302
120	130
140	64
160	42
180	28
200	18
220	13
240	10
260	5
280	6
300	0
320	2
340	2
360	3
380	2
400	2
420	2
440	1
460	1
480	1
500	3
520	0
540	1
560	3
580	1
600	2
620	2
640	2
660	0
680	1
700	1
720	0
740	3
760	4
780	2
800	1
820	2
840	3
860	0
880	4
900	0
920	1
940	1
960	1
980	1
1000	1
1020	0
1040	3
1060	2
1080	0
1100	2
1120	1
1140	2
1160	0
1180	2
1200	0
1220	1
1240	0
1260	0
1280	1
1300	0
1320	2
1340	3
1360	3
1380	0
1400	1
1420	0
1440	1
1460	0
1480	1
1500	1
1520	2
1540	0
1560	1
1580	0
1600	1
1620	2
1640	2
1660	2
1680	2
1700	1
1720	3
1740	1
1760	3
1780	2
1800	0
1820	2
1840	2
1860	0
1880	1
1900	1
1920	0
1940	1
1960	1
1980	3
2000	3
2020	2
2040	2
2060	1
2080	0
2100	5
2120	3
2140	1
2160	1
2180	1
2200	2
2220	1
2240	0
2260	2
2280	1
2300	5
2320	2
2340	3
2360	0
2380	0
2400	0
2420	2
2440	1
2460	1
2480	1
2500	1
2520	2
2540	1
2560	0
2580	2
2600	1
2620	1
2640	2
2660	0
2680	2
2700	0
2720	2
2740	0
2760	2
2780	0
2800	2
2820	3
2840	0
2860	3
2880	0
2900	3
2920	1
2940	1
2960	1
2980	0
3000	1
3020	1
3040	1
3060	0
3080	0
3100	1
3120	1
3140	1
3160	2
3180	1
3200	2
3220	0
3240	1
3260	6
3280	9
3300	2
3320	6
3340	5
3360	5
3380	2
3400	2
3420	3
3440	2
3460	1
3480	1
3500	0
3520	0
3540	0
3560	1
3580	1
3600	1
3620	1
3640	0
3660	3
3680	2
3700	0
3720	1
3740	4
3760	1
3780	2
3800	1
3820	1
3840	1
3860	1
3880	2
3900	0
3920	0
3940	3
3960	0
3980	1
4000	7
4020	4
4040	5
4060	4
4080	1
4100	4
4120	0
4140	0
4160	0
4180	1
4200	0
4220	2
4240	0
4260	4
4280	0
4300	2
4320	1
4340	1
4360	0
4380	0
4400	1
4420	1
4440	2
4460	0
4480	1
4500	1
4520	1
4540	3
4560	1
4580	1
4600	0
4620	1
4640	1
4660	2
4680	2
4700	1
4720	0
4740	0
4760	0
4780	1
4800	1
4820	1
4840	2
4860	2
4880	2
4900	3
4920	2
4940	2
4960	1
4980	0
5000	1
5020	1
5040	1
5060	0
5080	2
5100	0
5120	0
5140	0
5160	1
5180	0
5200	2
5220	0
5240	3
5260	3
5280	1
5300	1
5320	2
5340	1
5360	1
5380	2
5400	0
5420	2
5440	1
5460	0
5480	0
5500	1
5520	1
5540	0
5560	0
5580	0
5600	1
5620	0
5640	1
5660	2
5680	2
5700	0
5720	1
5740	0
5760	4
5780	1
5800	2
5820	0
5840	1
5860	1
5880	0
5900	0
5920	1
5940	2
5960	3
5980	0
6000	2
6020	0
6040	1
6060	1
6080	0
6100	0
6120	3
6140	1
6160	0
6180	3
6200	0
6220	3
6240	1
6260	2
6280	1
6300	0
6320	0
6340	1
6360	0
6380	0
6400	1
6420	0
6440	0
6460	0
6480	0
6500	1
6520	0
6540	1
6560	0
6580	1
6600	2
6620	3
6640	0
6660	1
6680	1
6700	0
6720	1
6740	0
6760	0
6780	2
6800	3
6820	0
6840	2
6860	1
6880	2
6900	4
6920	0
6940	0
6960	1
6980	0
7000	1
7020	0
7040	1
7060	0
7080	3
7100	0
7120	0
7140	1
7160	0
7180	0
7200	0
7220	0
7240	0
7260	0
7280	0
7300	2
7320	1
7340	0
7360	2
7380	0
7400	0
7420	1
7440	1
7460	0
7480	0
7500	1
7520	0
7540	0
7560	1
7580	4
7600	4
7620	2
7640	2
7660	5
7680	2
7700	1
7720	3
7740	2
7760	0
7780	0
7800	1
7820	2
7840	0
7860	0
7880	1
7900	1
7920	1
7940	1
7960	0
7980	0
8000	0
8020	0
8040	1
8060	2
8080	0
8100	1
8120	1
8140	0
8160	0
8180	3
8200	1
8220	1
8240	0
8260	1
8280	0
8300	1
8320	1
8340	0
8360	1
8380	1
8400	1
8420	1
8440	4
8460	5
8480	5
8500	1
8520	1
8540	3
8560	2
8580	1
8600	0
8620	0
8640	0
8660	1
8680	0
8700	0
8720	1
8740	1
8760	0
8780	0
8800	0
8820	0
8840	0
8860	1
8880	0
8900	0
8920	2
8940	2
8960	0
8980	1
9000	0
9020	0
9040	1
9060	0
9080	2
9100	1
9120	0
9140	0
9160	0
9180	0
9200	0
9220	0
9240	4
9260	1
9280	0
9300	1
9320	0
9340	1
9360	1
9380	0
9400	0
9420	1
9440	1
9460	1
9480	0
9500	3
9520	4
9540	1
9560	0
9580	0
9600	2
9620	0
9640	0
9660	0
9680	0
9700	1
9720	0
9740	1
9760	2
9780	1
9800	1
9820	2
9840	1
9860	0
9880	0
9900	1
9920	1
9940	0
9960	1
9980	0
10000	0
10020	1
10040	0
10060	1
10080	0
10100	2
10120	1
10140	1
10160	0
10180	1
10200	0
10220	0
10240	1
10260	0
10280	1
10300	0
10320	1
10340	3
10360	0
10380	0
10400	1
10420	0
10440	0
10460	0
10480	1
10500	0
10520	0
10540	2
10560	1
10580	0
10600	0
10620	0
10640	0
10660	2
10680	0
10700	0
10720	3
10740	2
10760	1
10780	2
10800	0
10820	0
10840	1
10860	0
10880	1
10900	1
10920	1
10940	0
10960	0
10980	1
11000	1
11020	0
11040	0
11060	0
11080	1
11100	0
11120	1
11140	6
11160	11
11180	1
11200	4
11220	0
11240	3
11260	1
11280	0
11300	1
11320	0
11340	1
11360	1
11380	2
11400	1
11420	0
11440	0
11460	0
11480	1
11500	0
11520	1
11540	0
11560	1
11580	2
11600	8
11620	9
11640	5
11660	5
11680	7
11700	3
11720	2
11740	3
11760	0
11780	0
11800	0
11820	1
11840	3
11860	2
11880	2
11900	0
11920	1
11940	0
11960	0
11980	0
12000	1
12020	1
12040	2
12060	0
12080	0
12100	0
12120	1
12140	0
12160	2
12180	1
12200	2
12220	4
12240	6
12260	6
12280	8
12300	12
12320	6
12340	5
12360	4
12380	13
12400	63
12420	339
12440	1378
12460	4448
12480	7848
12500	6693
12520	3775
12540	1744
12560	810
12580	360
12600	190
12620	85
12640	56
12660	40
12680	21
12700	15
12720	10
12740	3
12760	6
12780	1
12800	4
12820	2
12840	1
12860	2
12880	2
12900	3
12920	2
12940	1
12960	1
12980	2
13000	1
13020	3
13040	2
13060	7
13080	2
13100	1
13120	4
13140	2
13160	1
13180	2
13200	2
13220	2
13240	0
13260	4
13280	1
13300	2
13320	2
13340	2
13360	3
13380	2
13400	6
13420	7
13440	0
13460	1
13480	2
13500	1
13520	0
13540	1
13560	2
13580	3
13600	1
13620	2
13640	1
13660	3
13680	1
13700	3
13720	0
13740	2
13760	1
13780	0
13800	1
13820	2
13840	0
13860	2
13880	1
13900	1
13920	2
13940	2
13960	1
13980	5
14000	1
14020	2
14040	1
14060	1
14080	1
14100	3
14120	1
14140	3
14160	3
14180	3
14200	1
14220	1
14240	2
14260	4
14280	2
14300	2
14320	1
14340	3
14360	2
14380	1
14400	3
14420	2
14440	2
14460	2
14480	5
14500	3
14520	2
14540	2
14560	3
14580	3
14600	1
14620	1
14640	1
14660	1
14680	0
14700	0
14720	0
14740	1
14760	0
14780	2
14800	0
14820	1
14840	0
14860	1
14880	1
14900	3
14920	2
14940	1
14960	2
14980	1
15000	1
15020	4
15040	2
15060	0
15080	3
15100	0
15120	1
15140	1
15160	1
15180	2
15200	0
15220	1
15240	0
15260	0
15280	1
15300	1
15320	2
15340	1
15360	0
15380	2
15400	0
15420	1
15440	2
15460	1
15480	1
15500	1
15520	1
15540	0
15560	1
15580	2
15600	1
15620	1
15640	3
15660	3
15680	2
15700	1
15720	6
15740	2
15760	9
15780	12
15800	11
15820	7
15840	5
15860	3
15880	0
15900	1
15920	4
15940	3
15960	3
15980	3
16000	2
16020	0
16040	2
16060	3
16080	3
16100	1
16120	5
16140	3
16160	3
16180	5
16200	1
16220	0
16240	1
16260	0
16280	0
16300	0
16320	2
16340	1
16360	1
16380	1
16400	3
16420	2
16440	1
16460	1
16480	2
16500	4
16520	7
16540	3
16560	2
16580	5
16600	1
16620	3
16640	2
16660	2
16680	1
16700	0
16720	0
16740	1
16760	3
16780	3
16800	2
16820	0
16840	1
16860	3
16880	0
16900	1
16920	0
16940	0
16960	1
16980	0
17000	1
17020	2
17040	1
17060	0
17080	2
17100	1
17120	1
17140	0
17160	1
17180	2
17200	1
17220	1
17240	3
17260	1
17280	2
17300	1
17320	4
17340	1
17360	0
17380	0
17400	1
17420	1
17440	3
17460	0
17480	0
17500	1
17520	0
17540	5
17560	3
17580	1
17600	0
17620	0
17640	0
17660	0
17680	0
17700	2
17720	1
17740	1
17760	2
17780	1
17800	1
17820	1
17840	0
17860	0
17880	1
17900	1
17920	1
17940	0
17960	2
17980	2
18000	0
18020	3
18040	2
18060	0
18080	3
18100	1
18120	1
18140	2
18160	2
18180	0
18200	1
18220	0
18240	1
18260	1
18280	0
18300	2
18320	1
18340	3
18360	0
18380	4
18400	0
18420	1
18440	0
18460	2
18480	3
18500	1
18520	0
18540	0
18560	2
18580	2
18600	0
18620	1
18640	0
18660	3
18680	2
18700	3
18720	0
18740	2
18760	0
18780	1
18800	0
18820	0
18840	0
18860	1
18880	0
18900	3
18920	0
18940	1
18960	0
18980	1
19000	0
19020	0
19040	1
19060	0
19080	0
19100	2
19120	0
19140	1
19160	3
19180	1
19200	1
19220	0
19240	0
19260	0
19280	2
19300	0
19320	1
19340	0
19360	1
19380	2
19400	0
19420	0
19440	0
19460	0
19480	0
19500	0
19520	0
19540	0
19560	0
19580	2
19600	1
19620	1
19640	0
19660	2
19680	1
19700	0
19720	1
19740	1
19760	2
19780	1
19800	3
19820	0
19840	2
19860	0
19880	0
19900	2
19920	1
19940	2
19960	0
19980	1
