"Time differences (ps)"	"Counts per bin"
-20000	5
-19980	4
-19960	3
-19940	5
-19920	6
-19900	2
-19880	1
-19860	0
-19840	1
-19820	1
-19800	2
-19780	2
-19760	2
-19740	1
-19720	3
-19700	2
-19680	4
-19660	2
-19640	3
-19620	1
-19600	3
-19580	3
-19560	5
-19540	3
-19520	2
-19500	3
-19480	2
-19460	4
-19440	3
-19420	2
-19400	4
-19380	4
-19360	3
-19340	3
-19320	4
-19300	4
-19280	5
-19260	2
-19240	5
-19220	3
-19200	3
-19180	3
-19160	1
-19140	4
-19120	5
-19100	9
-19080	2
-19060	5
-19040	2
-19020	3
-19000	2
-18980	7
-18960	4
-18940	3
-18920	1
-18900	1
-18880	4
-18860	1
-18840	3
-18820	2
-18800	4
-18780	7
-18760	4
-18740	4
-18720	3
-18700	2
-18680	2
-18660	3
-18640	1
-18620	4
-18600	3
-18580	1
-18560	5
-18540	2
-18520	3
-18500	4
-18480	2
-18460	5
-18440	6
-18420	2
-18400	1
-18380	3
-18360	3
-18340	1
-18320	4
-18300	3
-18280	1
-18260	5
-18240	3
-18220	2
-18200	3
-18180	2
-18160	1
-18140	3
-18120	3
-18100	4
-18080	1
-18060	4
-18040	6
-18020	4
-18000	3
-17980	2
-17960	2
-17940	2
-17920	3
-17900	2
-17880	5
-17860	1
-17840	3
-17820	2
-17800	6
-17780	2
-17760	4
-17740	4
-17720	7
-17700	3
-17680	3
-17660	1
-17640	7
-17620	4
-17600	1
-17580	3
-17560	1
-17540	5
-17520	3
-17500	5
-17480	2
-17460	2
-17440	3
-17420	2
-17400	2
-17380	8
-17360	13
-17340	7
-17320	1
-17300	5
-17280	3
-17260	5
-17240	4
-17220	5
-17200	3
-17180	3
-17160	2
-17140	2
-17120	3
-17100	3
-17080	5
-17060	1
-17040	2
-17020	1
-17000	3
-16980	2
-16960	3
-16940	4
-16920	3
-16900	2
-16880	4
-16860	4
-16840	4
-16820	2
-16800	3
-16780	6
-16760	2
-16740	1
-16720	4
-16700	4
-16680	1
-16660	3
-16640	5
-16620	1
-16600	2
-16580	4
-16560	3
-16540	3
-16520	11
-16500	10
-16480	3
-16460	6
-16440	1
-16420	0
-16400	4
-16380	1
-16360	3
-16340	1
-16320	4
-16300	3
-16280	5
-16260	7
-16240	1
-16220	6
-16200	4
-16180	3
-16160	3
-16140	4
-16120	2
-16100	2
-16080	2
-16060	1
-16040	2
-16020	2
-16000	3
-15980	0
-15960	1
-15940	3
-15920	2
-15900	1
-15880	3
-15860	0
-15840	1
-15820	1
-15800	3
-15780	2
-15760	4
-15740	5
-15720	6
-15700	2
-15680	2
-15660	1
-15640	0
-15620	3
-15600	3
-15580	2
-15560	2
-15540	2
-15520	1
-15500	4
-15480	1
-15460	4
-15440	2
-15420	2
-15400	1
-15380	3
-15360	1
-15340	2
-15320	3
-15300	3
-15280	2
-15260	5
-15240	1
-15220	1
-15200	4
-15180	3
-15160	2
-15140	1
-15120	7
-15100	3
-15080	1
-15060	1
-15040	4
-15020	7
-15000	3
-14980	3
-14960	2
-14940	4
-14920	0
-14900	4
-14880	4
-14860	1
-14840	5
-14820	0
-14800	3
-14780	6
-14760	2
-14740	1
-14720	4
-14700	2
-14680	2
-14660	3
-14640	3
-14620	3
-14600	2
-14580	1
-14560	5
-14540	4
-14520	4
-14500	2
-14480	4
-14460	1
-14440	1
-14420	1
-14400	3
-14380	4
-14360	3
-14340	1
-14320	0
-14300	1
-14280	4
-14260	3
-14240	3
-14220	2
-14200	1
-14180	3
-14160	2
-14140	3
-14120	1
-14100	1
-14080	0
-14060	3
-14040	1
-14020	0
-14000	2
-13980	1
-13960	3
-13940	3
-13920	2
-13900	4
-13880	3
-13860	3
-13840	5
-13820	13
-13800	6
-13780	5
-13760	7
-13740	3
-13720	3
-13700	1
-13680	0
-13660	2
-13640	1
-13620	4
-13600	0
-13580	0
-13560	5
-13540	5
-13520	3
-13500	3
-13480	5
-13460	2
-13440	0
-13420	2
-13400	3
-13380	8
-13360	10
-13340	12
-13320	11
-13300	10
-13280	7
-13260	6
-13240	3
-13220	2
-13200	6
-13180	3
-13160	3
-13140	4
-13120	2
-13100	3
-13080	4
-13060	2
-13040	4
-13020	2
-13000	2
-12980	4
-12960	3
-12940	4
-12920	1
-12900	5
-12880	5
-12860	5
-12840	1
-12820	2
-12800	6
-12780	2
-12760	3
-12740	6
-12720	11
-12700	14
-12680	11
-12660	14
-12640	16
-12620	12
-12600	19
-12580	49
-12560	206
-12540	921
-12520	3392
-12500	8833
-12480	10310
-12460	6568
-12440	3202
-12420	1465
-12400	611
-12380	268
-12360	149
-12340	106
-12320	100
-12300	47
-12280	43
-12260	28
-12240	25
-12220	13
-12200	7
-12180	3
-12160	6
-12140	4
-12120	4
-12100	4
-12080	3
-12060	5
-12040	3
-12020	1
-12000	9
-11980	4
-11960	4
-11940	5
-11920	5
-11900	7
-11880	6
-11860	5
-11840	7
-11820	6
-11800	5
-11780	3
-11760	3
-11740	5
-11720	3
-11700	4
-11680	8
-11660	5
-11640	7
-11620	6
-11600	6
-11580	5
-11560	3
-11540	4
-11520	6
-11500	7
-11480	5
-11460	3
-11440	6
-11420	2
-11400	5
-11380	8
-11360	3
-11340	3
-11320	3
-11300	3
-11280	2
-11260	4
-11240	4
-11220	2
-11200	3
-11180	3
-11160	1
-11140	3
-11120	9
-11100	4
-11080	5
-11060	2
-11040	4
-11020	2
-11000	3
-10980	5
-10960	4
-10940	3
-10920	2
-10900	6
-10880	8
-10860	1
-10840	2
-10820	3
-10800	8
-10780	5
-10760	3
-10740	6
-10720	8
-10700	5
-10680	2
-10660	0
-10640	5
-10620	4
-10600	5
-10580	5
-10560	7
-10540	9
-10520	5
-10500	1
-10480	5
-10460	2
-10440	3
-10420	3
-10400	9
-10380	4
-10360	5
-10340	2
-10320	5
-10300	2
-10280	4
-10260	3
-10240	3
-10220	3
-10200	3
-10180	1
-10160	9
-10140	3
-10120	6
-10100	1
-10080	5
-10060	2
-10040	4
-10020	4
-10000	4
-9980	2
-9960	4
-9940	4
-9920	2
-9900	3
-9880	3
-9860	4
-9840	1
-9820	6
-9800	2
-9780	6
-9760	1
-9740	4
-9720	3
-9700	6
-9680	1
-9660	5
-9640	3
-9620	4
-9600	4
-9580	7
-9560	2
-9540	3
-9520	3
-9500	4
-9480	5
-9460	2
-9440	4
-9420	1
-9400	7
-9380	3
-9360	6
-9340	3
-9320	0
-9300	3
-9280	6
-9260	1
-9240	10
-9220	9
-9200	25
-9180	12
-9160	10
-9140	9
-9120	5
-9100	2
-9080	1
-9060	5
-9040	3
-9020	3
-9000	5
-8980	2
-8960	3
-8940	3
-8920	4
-8900	3
-8880	4
-8860	2
-8840	2
-8820	4
-8800	2
-8780	2
-8760	5
-8740	3
-8720	3
-8700	4
-8680	1
-8660	2
-8640	6
-8620	2
-8600	3
-8580	3
-8560	0
-8540	3
-8520	7
-8500	5
-8480	11
-8460	8
-8440	4
-8420	5
-8400	3
-8380	11
-8360	4
-8340	1
-8320	2
-8300	4
-8280	2
-8260	4
-8240	1
-8220	6
-8200	4
-8180	4
-8160	3
-8140	1
-8120	0
-8100	0
-8080	6
-8060	5
-8040	5
-8020	4
-8000	2
-7980	2
-7960	3
-7940	5
-7920	2
-7900	4
-7880	3
-7860	4
-7840	5
-7820	5
-7800	2
-7780	3
-7760	1
-7740	5
-7720	3
-7700	4
-7680	7
-7660	3
-7640	1
-7620	1
-7600	6
-7580	2
-7560	3
-7540	3
-7520	3
-7500	3
-7480	2
-7460	3
-7440	4
-7420	2
-7400	2
-7380	2
-7360	3
-7340	1
-7320	5
-7300	4
-7280	3
-7260	4
-7240	1
-7220	3
-7200	5
-7180	4
-7160	4
-7140	4
-7120	3
-7100	3
-7080	1
-7060	1
-7040	4
-7020	2
-7000	3
-6980	3
-6960	1
-6940	3
-6920	2
-6900	2
-6880	1
-6860	2
-6840	3
-6820	3
-6800	6
-6780	1
-6760	2
-6740	3
-6720	1
-6700	4
-6680	1
-6660	3
-6640	4
-6620	3
-6600	0
-6580	1
-6560	2
-6540	5
-6520	1
-6500	4
-6480	3
-6460	2
-6440	1
-6420	3
-6400	5
-6380	4
-6360	4
-6340	6
-6320	7
-6300	9
-6280	3
-6260	5
-6240	2
-6220	2
-6200	0
-6180	2
-6160	2
-6140	1
-6120	4
-6100	3
-6080	3
-6060	1
-6040	3
-6020	4
-6000	2
-5980	5
-5960	2
-5940	4
-5920	3
-5900	3
-5880	1
-5860	4
-5840	0
-5820	0
-5800	5
-5780	5
-5760	3
-5740	3
-5720	2
-5700	2
-5680	4
-5660	3
-5640	2
-5620	2
-5600	1
-5580	3
-5560	5
-5540	4
-5520	2
-5500	2
-5480	6
-5460	6
-5440	5
-5420	2
-5400	3
-5380	2
-5360	5
-5340	0
-5320	2
-5300	1
-5280	0
-5260	1
-5240	4
-5220	1
-5200	3
-5180	1
-5160	2
-5140	1
-5120	3
-5100	1
-5080	1
-5060	1
-5040	4
-5020	1
-5000	1
-4980	0
-4960	3
-4940	2
-4920	2
-4900	6
-4880	5
-4860	6
-4840	3
-4820	2
-4800	9
-4780	0
-4760	3
-4740	2
-4720	6
-4700	4
-4680	4
-4660	4
-4640	4
-4620	1
-4600	3
-4580	4
-4560	5
-4540	2
-4520	3
-4500	3
-4480	2
-4460	1
-4440	5
-4420	5
-4400	4
-4380	2
-4360	3
-4340	0
-4320	5
-4300	5
-4280	1
-4260	3
-4240	3
-4220	3
-4200	4
-4180	3
-4160	2
-4140	4
-4120	7
-4100	4
-4080	3
-4060	3
-4040	5
-4020	8
-4000	11
-3980	5
-3960	3
-3940	8
-3920	1
-3900	4
-3880	2
-3860	2
-3840	4
-3820	3
-3800	2
-3780	1
-3760	3
-3740	2
-3720	0
-3700	1
-3680	1
-3660	5
-3640	2
-3620	2
-3600	3
-3580	4
-3560	3
-3540	2
-3520	1
-3500	4
-3480	2
-3460	2
-3440	0
-3420	1
-3400	4
-3380	4
-3360	2
-3340	2
-3320	1
-3300	1
-3280	1
-3260	4
-3240	3
-3220	5
-3200	4
-3180	3
-3160	1
-3140	6
-3120	4
-3100	4
-3080	1
-3060	1
-3040	3
-3020	5
-3000	0
-2980	3
-2960	4
-2940	5
-2920	0
-2900	3
-2880	1
-2860	5
-2840	3
-2820	4
-2800	0
-2780	1
-2760	0
-2740	5
-2720	1
-2700	2
-2680	1
-2660	3
-2640	2
-2620	2
-2600	1
-2580	2
-2560	4
-2540	4
-2520	3
-2500	5
-2480	2
-2460	2
-2440	1
-2420	3
-2400	3
-2380	0
-2360	3
-2340	0
-2320	1
-2300	2
-2280	4
-2260	1
-2240	2
-2220	5
-2200	1
-2180	2
-2160	4
-2140	5
-2120	4
-2100	0
-2080	3
-2060	3
-2040	5
-2020	5
-2000	1
-1980	8
-1960	3
-1940	4
-1920	2
-1900	3
-1880	2
-1860	2
-1840	5
-1820	3
-1800	0
-1780	2
-1760	5
-1740	3
-1720	2
-1700	0
-1680	5
-1660	2
-1640	2
-1620	8
-1600	3
-1580	1
-1560	3
-1540	3
-1520	2
-1500	6
-1480	6
-1460	3
-1440	1
-1420	1
-1400	2
-1380	6
-1360	5
-1340	9
-1320	6
-1300	6
-1280	6
-1260	5
-1240	2
-1220	1
-1200	4
-1180	1
-1160	5
-1140	1
-1120	0
-1100	1
-1080	3
-1060	4
-1040	2
-1020	2
-1000	4
-980	5
-960	1
-940	4
-920	2
-900	11
-880	10
-860	6
-840	9
-820	5
-800	5
-780	6
-760	3
-740	5
-720	3
-700	4
-680	5
-660	6
-640	1
-620	4
-600	3
-580	5
-560	3
-540	2
-520	4
-500	5
-480	5
-460	0
-440	5
-420	2
-400	1
-380	2
-360	1
-340	2
-320	3
-300	3
-280	6
-260	9
-240	20
-220	35
-200	28
-180	36
-160	22
-140	13
-120	19
-100	8
-80	57
-60	469
-40	3210
-20	17090
0	29401
20	17565
40	7539
60	2975
80	1231
100	495
120	219
140	85
160	97
180	76
200	53
220	14
240	17
260	11
280	1
300	4
320	2
340	1
360	0
380	2
400	4
420	0
440	0
460	0
480	3
500	4
520	5
540	2
560	1
580	0
600	1
620	0
640	2
660	1
680	4
700	2
720	1
740	2
760	2
780	4
800	2
820	0
840	4
860	4
880	2
900	1
920	5
940	1
960	5
980	3
1000	3
1020	2
1040	0
1060	3
1080	2
1100	0
1120	1
1140	2
1160	4
1180	1
1200	1
1220	2
1240	2
1260	2
1280	3
1300	1
1320	3
1340	3
1360	3
1380	3
1400	2
1420	4
1440	4
1460	2
1480	1
1500	2
1520	0
1540	2
1560	1
1580	1
1600	2
1620	0
1640	3
1660	2
1680	3
1700	0
1720	2
1740	2
1760	0
1780	3
1800	2
1820	1
1840	2
1860	3
1880	5
1900	5
1920	0
1940	1
1960	4
1980	1
2000	2
2020	3
2040	0
2060	2
2080	2
2100	2
2120	3
2140	2
2160	2
2180	0
2200	2
2220	1
2240	1
2260	2
2280	1
2300	0
2320	1
2340	2
2360	2
2380	1
2400	0
2420	0
2440	3
2460	0
2480	1
2500	0
2520	2
2540	2
2560	4
2580	2
2600	0
2620	1
2640	1
2660	3
2680	1
2700	0
2720	5
2740	0
2760	0
2780	1
2800	1
2820	1
2840	0
2860	1
2880	1
2900	1
2920	1
2940	1
2960	0
2980	1
3000	3
3020	1
3040	1
3060	1
3080	3
3100	3
3120	1
3140	0
3160	0
3180	4
3200	0
3220	1
3240	3
3260	10
3280	17
3300	10
3320	7
3340	3
3360	8
3380	4
3400	1
3420	0
3440	1
3460	3
3480	2
3500	1
3520	2
3540	1
3560	1
3580	0
3600	0
3620	2
3640	1
3660	2
3680	0
3700	2
3720	1
3740	1
3760	0
3780	2
3800	1
3820	0
3840	1
3860	3
3880	1
3900	1
3920	0
3940	1
3960	1
3980	1
4000	5
4020	7
4040	8
4060	4
4080	2
4100	1
4120	0
4140	3
4160	1
4180	2
4200	2
4220	0
4240	1
4260	1
4280	1
4300	3
4320	2
4340	0
4360	0
4380	3
4400	0
4420	4
4440	3
4460	2
4480	2
4500	3
4520	1
4540	1
4560	1
4580	2
4600	1
4620	2
4640	0
4660	1
4680	1
4700	4
4720	1
4740	0
4760	1
4780	2
4800	0
4820	3
4840	0
4860	1
4880	2
4900	4
4920	2
4940	1
4960	1
4980	3
5000	1
5020	1
5040	0
5060	2
5080	1
5100	1
5120	0
5140	0
5160	0
5180	0
5200	1
5220	1
5240	0
5260	1
5280	0
5300	1
5320	1
5340	2
5360	2
5380	1
5400	1
5420	2
5440	0
5460	0
5480	2
5500	2
5520	1
5540	1
5560	3
5580	1
5600	0
5620	0
5640	0
5660	1
5680	1
5700	0
5720	1
5740	0
5760	1
5780	0
5800	1
5820	1
5840	0
5860	0
5880	2
5900	1
5920	2
5940	1
5960	1
5980	2
6000	1
6020	1
6040	0
6060	3
6080	2
6100	0
6120	0
6140	3
6160	1
6180	3
6200	2
6220	1
6240	2
6260	0
6280	1
6300	1
6320	4
6340	1
6360	2
6380	2
6400	1
6420	1
6440	1
6460	2
6480	2
6500	2
6520	0
6540	2
6560	0
6580	5
6600	1
6620	1
6640	2
6660	2
6680	2
6700	3
6720	2
6740	2
6760	0
6780	0
6800	0
6820	1
6840	3
6860	1
6880	1
6900	2
6920	1
6940	2
6960	1
6980	2
7000	0
7020	2
7040	3
7060	2
7080	0
7100	0
7120	4
7140	0
7160	1
7180	0
7200	1
7220	0
7240	1
7260	1
7280	1
7300	2
7320	5
7340	2
7360	2
7380	2
7400	0
7420	1
7440	0
7460	1
7480	1
7500	1
7520	0
7540	1
7560	0
7580	2
7600	3
7620	7
7640	5
7660	0
7680	2
7700	3
7720	0
7740	1
7760	0
7780	1
7800	1
7820	1
7840	2
7860	1
7880	1
7900	3
7920	0
7940	1
7960	1
7980	0
8000	1
8020	1
8040	3
8060	0
8080	1
8100	0
8120	2
8140	1
8160	2
8180	0
8200	0
8220	0
8240	0
8260	0
8280	4
8300	3
8320	0
8340	1
8360	0
8380	0
8400	3
8420	3
8440	2
8460	5
8480	5
8500	2
8520	0
8540	1
8560	0
8580	1
8600	2
8620	2
8640	0
8660	1
8680	2
8700	0
8720	1
8740	0
8760	3
8780	1
8800	1
8820	4
8840	1
8860	1
8880	2
8900	1
8920	1
8940	1
8960	2
8980	2
9000	1
9020	1
9040	2
9060	0
9080	0
9100	2
9120	0
9140	1
9160	1
9180	1
9200	0
9220	0
9240	0
9260	0
9280	1
9300	0
9320	2
9340	2
9360	0
9380	3
9400	1
9420	1
9440	2
9460	1
9480	0
9500	2
9520	1
9540	0
9560	1
9580	1
9600	1
9620	1
9640	1
9660	1
9680	0
9700	1
9720	2
9740	0
9760	2
9780	0
9800	2
9820	2
9840	0
9860	2
9880	1
9900	1
9920	2
9940	0
9960	1
9980	1
10000	0
10020	0
10040	1
10060	1
10080	4
10100	1
10120	1
10140	0
10160	3
10180	1
10200	1
10220	2
10240	2
10260	0
10280	0
10300	0
10320	0
10340	0
10360	0
10380	0
10400	0
10420	1
10440	1
10460	1
10480	1
10500	0
10520	2
10540	0
10560	2
10580	2
10600	2
10620	1
10640	2
10660	1
10680	0
10700	0
10720	1
10740	0
10760	2
10780	0
10800	4
10820	1
10840	3
10860	0
10880	0
10900	1
10920	1
10940	1
10960	1
10980	1
11000	0
11020	0
11040	0
11060	1
11080	0
11100	0
11120	3
11140	4
11160	7
11180	4
11200	0
11220	4
11240	2
11260	1
11280	0
11300	3
11320	2
11340	0
11360	0
11380	1
11400	0
11420	1
11440	0
11460	0
11480	0
11500	1
11520	0
11540	1
11560	2
11580	4
11600	13
11620	11
11640	13
11660	9
11680	15
11700	6
11720	5
11740	1
11760	2
11780	0
11800	1
11820	1
11840	1
11860	1
11880	1
11900	0
11920	2
11940	0
11960	1
11980	1
12000	1
12020	3
12040	0
12060	2
12080	2
12100	2
12120	2
12140	0
12160	1
12180	2
12200	4
12220	5
12240	18
12260	28
12280	28
12300	30
12320	34
12340	17
12360	15
12380	27
12400	82
12420	466
12440	1771
12460	5957
12480	10582
12500	8606
12520	4607
12540	2147
12560	930
12580	419
12600	188
12620	85
12640	68
12660	62
12680	16
12700	16
12720	3
12740	4
12760	5
12780	1
12800	4
12820	7
12840	4
12860	7
12880	4
12900	3
12920	3
12940	3
12960	0
12980	1
13000	0
13020	2
13040	3
13060	2
13080	2
13100	5
13120	1
13140	1
13160	1
13180	3
13200	4
13220	0
13240	3
13260	2
13280	1
13300	1
13320	3
13340	2
13360	2
13380	2
13400	0
13420	1
13440	0
13460	4
13480	1
13500	4
13520	3
13540	0
13560	3
13580	0
13600	1
13620	5
13640	1
13660	0
13680	1
13700	2
13720	1
13740	0
13760	2
13780	3
13800	1
13820	3
13840	2
13860	2
13880	1
13900	4
13920	3
13940	3
13960	0
13980	1
14000	1
14020	0
14040	2
14060	2
14080	0
14100	2
14120	3
14140	2
14160	3
14180	3
14200	1
14220	3
14240	3
14260	4
14280	3
14300	0
14320	2
14340	1
14360	1
14380	0
14400	1
14420	0
14440	3
14460	2
14480	2
14500	4
14520	3
14540	1
14560	1
14580	1
14600	2
14620	1
14640	0
14660	0
14680	0
14700	1
14720	1
14740	0
14760	2
14780	1
14800	2
14820	0
14840	3
14860	3
14880	2
14900	0
14920	2
14940	4
14960	1
14980	4
15000	2
15020	0
15040	7
15060	1
15080	3
15100	1
15120	1
15140	1
15160	2
15180	1
15200	2
15220	2
15240	1
15260	1
15280	1
15300	2
15320	2
15340	0
15360	2
15380	2
15400	1
15420	1
15440	4
15460	3
15480	2
15500	1
15520	2
15540	0
15560	2
15580	0
15600	3
15620	3
15640	4
15660	3
15680	0
15700	1
15720	3
15740	7
15760	7
15780	12
15800	8
15820	5
15840	3
15860	2
15880	5
15900	4
15920	3
15940	2
15960	3
15980	4
16000	1
16020	0
16040	1
16060	2
16080	1
16100	1
16120	3
16140	0
16160	3
16180	2
16200	4
16220	1
16240	1
16260	1
16280	1
16300	2
16320	3
16340	0
16360	2
16380	1
16400	3
16420	2
16440	4
16460	3
16480	5
16500	8
16520	7
16540	3
16560	1
16580	0
16600	3
16620	1
16640	4
16660	4
16680	3
16700	2
16720	2
16740	0
16760	1
16780	1
16800	1
16820	1
16840	2
16860	0
16880	0
16900	0
16920	1
16940	3
16960	3
16980	2
17000	2
17020	1
17040	0
17060	3
17080	0
17100	1
17120	2
17140	0
17160	3
17180	1
17200	0
17220	3
17240	1
17260	0
17280	0
17300	2
17320	1
17340	2
17360	3
17380	3
17400	0
17420	0
17440	1
17460	1
17480	1
17500	0
17520	0
17540	2
17560	2
17580	3
17600	2
17620	0
17640	1
17660	1
17680	1
17700	2
17720	2
17740	3
17760	1
17780	1
17800	2
17820	1
17840	1
17860	0
17880	0
17900	1
17920	3
17940	2
17960	0
17980	1
18000	0
18020	3
18040	0
18060	2
18080	3
18100	1
18120	0
18140	2
18160	1
18180	1
18200	2
18220	1
18240	0
18260	2
18280	2
18300	2
18320	1
18340	1
18360	1
18380	0
18400	0
18420	2
18440	1
18460	1
18480	1
18500	1
18520	4
18540	2
18560	0
18580	2
18600	1
18620	0
18640	2
18660	6
18680	5
18700	2
18720	3
18740	0
18760	0
18780	2
18800	2
18820	0
18840	1
18860	1
18880	0
18900	1
18920	1
18940	0
18960	1
18980	1
19000	0
19020	1
19040	1
19060	3
19080	2
19100	1
19120	2
19140	0
19160	1
19180	1
19200	2
19220	4
19240	0
19260	1
19280	0
19300	1
19320	2
19340	1
19360	0
19380	0
19400	1
19420	2
19440	1
19460	2
19480	2
19500	0
19520	2
19540	0
19560	1
19580	1
19600	1
19620	1
19640	1
19660	1
19680	3
19700	1
19720	1
19740	1
19760	1
19780	0
19800	3
19820	1
19840	2
19860	1
19880	2
19900	2
19920	0
19940	0
19960	1
19980	2
