"Time differences (ps)"	"Counts per bin"
-20000	2
-19980	2
-19960	4
-19940	5
-19920	2
-19900	2
-19880	3
-19860	3
-19840	1
-19820	1
-19800	2
-19780	2
-19760	3
-19740	1
-19720	0
-19700	0
-19680	1
-19660	0
-19640	5
-19620	2
-19600	1
-19580	3
-19560	3
-19540	3
-19520	2
-19500	3
-19480	4
-19460	5
-19440	1
-19420	2
-19400	2
-19380	5
-19360	3
-19340	1
-19320	0
-19300	4
-19280	1
-19260	3
-19240	2
-19220	0
-19200	0
-19180	0
-19160	2
-19140	1
-19120	1
-19100	1
-19080	0
-19060	2
-19040	2
-19020	2
-19000	1
-18980	1
-18960	0
-18940	3
-18920	3
-18900	2
-18880	2
-18860	4
-18840	1
-18820	3
-18800	3
-18780	3
-18760	0
-18740	4
-18720	1
-18700	4
-18680	1
-18660	5
-18640	0
-18620	1
-18600	1
-18580	6
-18560	2
-18540	2
-18520	2
-18500	2
-18480	3
-18460	3
-18440	2
-18420	2
-18400	2
-18380	1
-18360	1
-18340	3
-18320	3
-18300	2
-18280	1
-18260	2
-18240	1
-18220	5
-18200	1
-18180	1
-18160	1
-18140	3
-18120	0
-18100	2
-18080	5
-18060	3
-18040	3
-18020	1
-18000	2
-17980	6
-17960	3
-17940	5
-17920	3
-17900	4
-17880	2
-17860	1
-17840	2
-17820	2
-17800	4
-17780	1
-17760	4
-17740	2
-17720	5
-17700	3
-17680	6
-17660	1
-17640	3
-17620	2
-17600	1
-17580	3
-17560	3
-17540	2
-17520	5
-17500	3
-17480	4
-17460	6
-17440	1
-17420	2
-17400	4
-17380	2
-17360	6
-17340	7
-17320	4
-17300	3
-17280	3
-17260	1
-17240	6
-17220	4
-17200	3
-17180	2
-17160	2
-17140	1
-17120	3
-17100	2
-17080	3
-17060	1
-17040	3
-17020	4
-17000	1
-16980	1
-16960	4
-16940	2
-16920	0
-16900	3
-16880	2
-16860	3
-16840	2
-16820	0
-16800	1
-16780	1
-16760	3
-16740	3
-16720	0
-16700	0
-16680	6
-16660	0
-16640	3
-16620	5
-16600	0
-16580	2
-16560	1
-16540	1
-16520	3
-16500	7
-16480	10
-16460	5
-16440	2
-16420	0
-16400	4
-16380	4
-16360	4
-16340	4
-16320	4
-16300	0
-16280	1
-16260	2
-16240	3
-16220	6
-16200	2
-16180	1
-16160	1
-16140	3
-16120	2
-16100	2
-16080	5
-16060	2
-16040	2
-16020	5
-16000	5
-15980	1
-15960	1
-15940	1
-15920	2
-15900	3
-15880	3
-15860	4
-15840	1
-15820	1
-15800	5
-15780	1
-15760	3
-15740	3
-15720	2
-15700	3
-15680	1
-15660	1
-15640	1
-15620	2
-15600	1
-15580	1
-15560	1
-15540	2
-15520	5
-15500	6
-15480	3
-15460	2
-15440	1
-15420	3
-15400	9
-15380	4
-15360	0
-15340	1
-15320	1
-15300	2
-15280	1
-15260	1
-15240	3
-15220	1
-15200	0
-15180	2
-15160	5
-15140	2
-15120	1
-15100	1
-15080	7
-15060	4
-15040	1
-15020	3
-15000	2
-14980	4
-14960	2
-14940	4
-14920	4
-14900	2
-14880	2
-14860	3
-14840	3
-14820	1
-14800	2
-14780	0
-14760	4
-14740	4
-14720	0
-14700	2
-14680	0
-14660	2
-14640	4
-14620	3
-14600	2
-14580	5
-14560	1
-14540	3
-14520	1
-14500	1
-14480	5
-14460	3
-14440	1
-14420	0
-14400	2
-14380	1
-14360	1
-14340	1
-14320	2
-14300	3
-14280	2
-14260	3
-14240	2
-14220	3
-14200	3
-14180	3
-14160	0
-14140	2
-14120	2
-14100	1
-14080	2
-14060	3
-14040	3
-14020	2
-14000	4
-13980	0
-13960	4
-13940	2
-13920	1
-13900	2
-13880	3
-13860	1
-13840	5
-13820	7
-13800	5
-13780	8
-13760	1
-13740	6
-13720	4
-13700	0
-13680	3
-13660	3
-13640	6
-13620	0
-13600	1
-13580	3
-13560	3
-13540	0
-13520	1
-13500	2
-13480	0
-13460	3
-13440	3
-13420	1
-13400	2
-13380	3
-13360	9
-13340	14
-13320	9
-13300	4
-13280	4
-13260	3
-13240	6
-13220	3
-13200	2
-13180	1
-13160	2
-13140	1
-13120	2
-13100	2
-13080	0
-13060	1
-13040	2
-13020	0
-13000	2
-12980	2
-12960	4
-12940	3
-12920	1
-12900	1
-12880	1
-12860	1
-12840	4
-12820	4
-12800	3
-12780	2
-12760	3
-12740	6
-12720	7
-12700	13
-12680	16
-12660	14
-12640	10
-12620	10
-12600	16
-12580	45
-12560	178
-12540	744
-12520	2919
-12500	7762
-12480	8791
-12460	5513
-12440	2615
-12420	1201
-12400	535
-12380	219
-12360	121
-12340	78
-12320	65
-12300	50
-12280	29
-12260	17
-12240	8
-12220	8
-12200	5
-12180	3
-12160	1
-12140	2
-12120	3
-12100	2
-12080	2
-12060	3
-12040	3
-12020	3
-12000	8
-11980	5
-11960	1
-11940	4
-11920	1
-11900	1
-11880	5
-11860	4
-11840	1
-11820	4
-11800	2
-11780	5
-11760	4
-11740	5
-11720	5
-11700	4
-11680	7
-11660	1
-11640	2
-11620	6
-11600	5
-11580	3
-11560	4
-11540	4
-11520	4
-11500	0
-11480	1
-11460	1
-11440	6
-11420	4
-11400	6
-11380	6
-11360	6
-11340	3
-11320	2
-11300	1
-11280	5
-11260	3
-11240	7
-11220	3
-11200	4
-11180	3
-11160	1
-11140	3
-11120	3
-11100	3
-11080	3
-11060	5
-11040	4
-11020	4
-11000	2
-10980	1
-10960	4
-10940	4
-10920	3
-10900	2
-10880	5
-10860	9
-10840	4
-10820	3
-10800	2
-10780	1
-10760	1
-10740	3
-10720	2
-10700	1
-10680	4
-10660	4
-10640	2
-10620	4
-10600	3
-10580	4
-10560	2
-10540	4
-10520	1
-10500	7
-10480	7
-10460	9
-10440	7
-10420	0
-10400	3
-10380	2
-10360	1
-10340	2
-10320	4
-10300	5
-10280	4
-10260	5
-10240	1
-10220	8
-10200	3
-10180	5
-10160	2
-10140	6
-10120	5
-10100	6
-10080	5
-10060	8
-10040	3
-10020	2
-10000	5
-9980	3
-9960	4
-9940	3
-9920	2
-9900	5
-9880	1
-9860	3
-9840	3
-9820	0
-9800	3
-9780	3
-9760	1
-9740	3
-9720	5
-9700	3
-9680	3
-9660	2
-9640	1
-9620	1
-9600	3
-9580	2
-9560	3
-9540	3
-9520	1
-9500	4
-9480	8
-9460	3
-9440	6
-9420	4
-9400	5
-9380	1
-9360	6
-9340	4
-9320	0
-9300	0
-9280	1
-9260	5
-9240	8
-9220	8
-9200	15
-9180	13
-9160	9
-9140	7
-9120	6
-9100	3
-9080	3
-9060	2
-9040	4
-9020	3
-9000	2
-8980	1
-8960	3
-8940	3
-8920	6
-8900	4
-8880	3
-8860	0
-8840	3
-8820	1
-8800	4
-8780	5
-8760	1
-8740	5
-8720	2
-8700	3
-8680	0
-8660	1
-8640	1
-8620	3
-8600	3
-8580	2
-8560	2
-8540	2
-8520	1
-8500	2
-8480	5
-8460	6
-8440	12
-8420	3
-8400	3
-8380	4
-8360	3
-8340	3
-8320	1
-8300	0
-8280	2
-8260	2
-8240	5
-8220	5
-8200	4
-8180	2
-8160	0
-8140	0
-8120	1
-8100	1
-8080	5
-8060	1
-8040	4
-8020	2
-8000	5
-7980	3
-7960	3
-7940	5
-7920	2
-7900	1
-7880	1
-7860	1
-7840	6
-7820	8
-7800	2
-7780	4
-7760	3
-7740	2
-7720	3
-7700	3
-7680	2
-7660	5
-7640	3
-7620	6
-7600	2
-7580	3
-7560	3
-7540	1
-7520	3
-7500	2
-7480	3
-7460	1
-7440	3
-7420	5
-7400	0
-7380	6
-7360	3
-7340	5
-7320	3
-7300	3
-7280	1
-7260	1
-7240	2
-7220	6
-7200	1
-7180	3
-7160	2
-7140	5
-7120	3
-7100	4
-7080	3
-7060	2
-7040	2
-7020	1
-7000	3
-6980	3
-6960	5
-6940	2
-6920	1
-6900	0
-6880	4
-6860	1
-6840	3
-6820	2
-6800	8
-6780	5
-6760	1
-6740	1
-6720	3
-6700	3
-6680	3
-6660	2
-6640	2
-6620	1
-6600	3
-6580	3
-6560	5
-6540	2
-6520	5
-6500	2
-6480	1
-6460	0
-6440	2
-6420	1
-6400	4
-6380	2
-6360	4
-6340	3
-6320	2
-6300	5
-6280	1
-6260	4
-6240	1
-6220	4
-6200	4
-6180	4
-6160	1
-6140	2
-6120	2
-6100	2
-6080	3
-6060	5
-6040	6
-6020	3
-6000	1
-5980	1
-5960	4
-5940	1
-5920	2
-5900	0
-5880	3
-5860	1
-5840	3
-5820	2
-5800	3
-5780	1
-5760	0
-5740	2
-5720	2
-5700	4
-5680	5
-5660	2
-5640	2
-5620	2
-5600	2
-5580	2
-5560	4
-5540	0
-5520	1
-5500	5
-5480	2
-5460	3
-5440	3
-5420	1
-5400	3
-5380	1
-5360	3
-5340	2
-5320	2
-5300	5
-5280	1
-5260	0
-5240	2
-5220	4
-5200	3
-5180	1
-5160	0
-5140	2
-5120	2
-5100	2
-5080	1
-5060	6
-5040	4
-5020	2
-5000	6
-4980	2
-4960	3
-4940	4
-4920	1
-4900	2
-4880	2
-4860	11
-4840	10
-4820	5
-4800	2
-4780	4
-4760	4
-4740	4
-4720	4
-4700	3
-4680	2
-4660	3
-4640	1
-4620	2
-4600	2
-4580	4
-4560	3
-4540	6
-4520	1
-4500	2
-4480	5
-4460	2
-4440	1
-4420	5
-4400	2
-4380	1
-4360	4
-4340	0
-4320	1
-4300	2
-4280	4
-4260	1
-4240	1
-4220	4
-4200	0
-4180	1
-4160	2
-4140	3
-4120	2
-4100	4
-4080	1
-4060	3
-4040	6
-4020	5
-4000	7
-3980	5
-3960	6
-3940	0
-3920	0
-3900	2
-3880	2
-3860	4
-3840	1
-3820	5
-3800	1
-3780	1
-3760	1
-3740	4
-3720	2
-3700	6
-3680	3
-3660	1
-3640	2
-3620	2
-3600	1
-3580	2
-3560	1
-3540	0
-3520	4
-3500	4
-3480	2
-3460	2
-3440	3
-3420	3
-3400	0
-3380	3
-3360	2
-3340	3
-3320	4
-3300	2
-3280	5
-3260	2
-3240	3
-3220	6
-3200	0
-3180	1
-3160	2
-3140	2
-3120	1
-3100	2
-3080	2
-3060	2
-3040	3
-3020	1
-3000	2
-2980	2
-2960	5
-2940	1
-2920	3
-2900	2
-2880	1
-2860	0
-2840	4
-2820	1
-2800	3
-2780	5
-2760	3
-2740	1
-2720	1
-2700	0
-2680	0
-2660	4
-2640	2
-2620	2
-2600	6
-2580	1
-2560	0
-2540	0
-2520	0
-2500	0
-2480	3
-2460	4
-2440	4
-2420	5
-2400	6
-2380	2
-2360	2
-2340	6
-2320	2
-2300	6
-2280	3
-2260	2
-2240	3
-2220	4
-2200	2
-2180	4
-2160	2
-2140	1
-2120	1
-2100	1
-2080	3
-2060	3
-2040	4
-2020	4
-2000	4
-1980	3
-1960	2
-1940	3
-1920	3
-1900	4
-1880	3
-1860	2
-1840	3
-1820	4
-1800	2
-1780	0
-1760	4
-1740	2
-1720	1
-1700	3
-1680	0
-1660	0
-1640	4
-1620	6
-1600	1
-1580	3
-1560	2
-1540	2
-1520	3
-1500	3
-1480	3
-1460	4
-1440	2
-1420	5
-1400	0
-1380	1
-1360	8
-1340	5
-1320	8
-1300	12
-1280	3
-1260	3
-1240	1
-1220	2
-1200	2
-1180	7
-1160	1
-1140	3
-1120	3
-1100	2
-1080	3
-1060	4
-1040	1
-1020	7
-1000	3
-980	2
-960	2
-940	7
-920	2
-900	5
-880	6
-860	8
-840	6
-820	11
-800	5
-780	4
-760	4
-740	2
-720	4
-700	1
-680	1
-660	3
-640	2
-620	1
-600	1
-580	1
-560	1
-540	4
-520	1
-500	2
-480	2
-460	1
-440	1
-420	2
-400	1
-380	3
-360	4
-340	2
-320	2
-300	2
-280	4
-260	8
-240	12
-220	19
-200	17
-180	12
-160	10
-140	12
-120	7
-100	11
-80	33
-60	284
-40	1932
-20	10589
0	17101
20	9343
40	3544
60	1240
80	422
100	187
120	71
140	38
160	49
180	38
200	12
220	1
240	5
260	1
280	1
300	3
320	3
340	1
360	0
380	1
400	0
420	2
440	2
460	3
480	2
500	0
520	3
540	1
560	3
580	0
600	3
620	1
640	2
660	0
680	3
700	2
720	3
740	1
760	1
780	1
800	2
820	1
840	2
860	2
880	3
900	0
920	1
940	0
960	1
980	2
1000	0
1020	0
1040	2
1060	1
1080	0
1100	3
1120	0
1140	2
1160	1
1180	2
1200	2
1220	2
1240	1
1260	0
1280	1
1300	2
1320	2
1340	1
1360	0
1380	1
1400	0
1420	0
1440	2
1460	1
1480	2
1500	0
1520	0
1540	2
1560	3
1580	3
1600	1
1620	2
1640	0
1660	2
1680	1
1700	1
1720	2
1740	1
1760	1
1780	0
1800	1
1820	1
1840	3
1860	0
1880	2
1900	2
1920	1
1940	0
1960	2
1980	1
2000	2
2020	0
2040	2
2060	0
2080	1
2100	3
2120	0
2140	0
2160	1
2180	3
2200	2
2220	1
2240	0
2260	1
2280	1
2300	3
2320	1
2340	3
2360	3
2380	2
2400	1
2420	1
2440	2
2460	0
2480	0
2500	0
2520	2
2540	0
2560	2
2580	0
2600	2
2620	2
2640	0
2660	4
2680	2
2700	2
2720	1
2740	0
2760	1
2780	3
2800	0
2820	4
2840	2
2860	1
2880	1
2900	4
2920	2
2940	2
2960	0
2980	5
3000	0
3020	0
3040	2
3060	0
3080	1
3100	1
3120	2
3140	3
3160	0
3180	0
3200	0
3220	0
3240	1
3260	8
3280	11
3300	6
3320	13
3340	4
3360	1
3380	3
3400	3
3420	3
3440	1
3460	2
3480	0
3500	2
3520	1
3540	0
3560	0
3580	1
3600	1
3620	0
3640	0
3660	1
3680	1
3700	0
3720	0
3740	0
3760	1
3780	1
3800	0
3820	2
3840	1
3860	2
3880	0
3900	0
3920	1
3940	1
3960	0
3980	1
4000	5
4020	7
4040	1
4060	4
4080	2
4100	1
4120	1
4140	2
4160	0
4180	0
4200	2
4220	1
4240	0
4260	1
4280	2
4300	0
4320	1
4340	1
4360	1
4380	1
4400	0
4420	0
4440	0
4460	2
4480	1
4500	1
4520	0
4540	0
4560	1
4580	1
4600	0
4620	3
4640	5
4660	3
4680	2
4700	0
4720	0
4740	0
4760	2
4780	2
4800	1
4820	2
4840	1
4860	3
4880	3
4900	1
4920	2
4940	0
4960	1
4980	1
5000	1
5020	1
5040	0
5060	2
5080	0
5100	0
5120	0
5140	2
5160	1
5180	2
5200	1
5220	0
5240	0
5260	1
5280	2
5300	0
5320	0
5340	1
5360	1
5380	1
5400	0
5420	0
5440	0
5460	1
5480	1
5500	3
5520	1
5540	1
5560	0
5580	2
5600	0
5620	0
5640	0
5660	2
5680	2
5700	2
5720	3
5740	3
5760	0
5780	1
5800	0
5820	1
5840	0
5860	0
5880	0
5900	0
5920	2
5940	0
5960	1
5980	0
6000	0
6020	1
6040	2
6060	0
6080	2
6100	0
6120	0
6140	1
6160	0
6180	1
6200	4
6220	1
6240	1
6260	2
6280	0
6300	0
6320	3
6340	0
6360	1
6380	4
6400	2
6420	0
6440	2
6460	1
6480	0
6500	0
6520	0
6540	0
6560	2
6580	1
6600	1
6620	1
6640	1
6660	2
6680	2
6700	0
6720	1
6740	2
6760	1
6780	2
6800	1
6820	2
6840	0
6860	0
6880	0
6900	1
6920	3
6940	0
6960	1
6980	4
7000	0
7020	1
7040	1
7060	1
7080	0
7100	0
7120	0
7140	0
7160	5
7180	3
7200	0
7220	3
7240	2
7260	1
7280	1
7300	0
7320	1
7340	1
7360	1
7380	0
7400	2
7420	1
7440	1
7460	1
7480	0
7500	2
7520	1
7540	2
7560	3
7580	1
7600	2
7620	2
7640	3
7660	3
7680	0
7700	0
7720	2
7740	3
7760	3
7780	2
7800	2
7820	2
7840	0
7860	0
7880	1
7900	0
7920	0
7940	1
7960	1
7980	1
8000	0
8020	1
8040	0
8060	0
8080	2
8100	2
8120	0
8140	0
8160	0
8180	0
8200	0
8220	1
8240	0
8260	0
8280	0
8300	0
8320	2
8340	1
8360	0
8380	2
8400	2
8420	0
8440	2
8460	3
8480	5
8500	1
8520	6
8540	1
8560	1
8580	1
8600	0
8620	2
8640	0
8660	2
8680	0
8700	1
8720	0
8740	3
8760	0
8780	0
8800	0
8820	0
8840	0
8860	1
8880	0
8900	0
8920	0
8940	2
8960	0
8980	2
9000	2
9020	2
9040	0
9060	0
9080	0
9100	1
9120	2
9140	2
9160	1
9180	1
9200	0
9220	0
9240	1
9260	1
9280	0
9300	3
9320	1
9340	1
9360	2
9380	0
9400	0
9420	0
9440	1
9460	1
9480	2
9500	0
9520	0
9540	1
9560	3
9580	0
9600	1
9620	2
9640	1
9660	2
9680	0
9700	1
9720	2
9740	1
9760	4
9780	0
9800	2
9820	2
9840	1
9860	1
9880	2
9900	2
9920	1
9940	1
9960	0
9980	0
10000	1
10020	1
10040	3
10060	2
10080	0
10100	0
10120	1
10140	0
10160	0
10180	1
10200	0
10220	2
10240	1
10260	0
10280	0
10300	1
10320	1
10340	1
10360	0
10380	2
10400	0
10420	1
10440	1
10460	0
10480	1
10500	0
10520	0
10540	1
10560	1
10580	1
10600	2
10620	3
10640	0
10660	0
10680	0
10700	1
10720	0
10740	0
10760	0
10780	1
10800	0
10820	1
10840	1
10860	0
10880	2
10900	0
10920	0
10940	0
10960	0
10980	1
11000	0
11020	0
11040	0
11060	2
11080	1
11100	3
11120	3
11140	3
11160	6
11180	7
11200	3
11220	0
11240	4
11260	1
11280	0
11300	0
11320	0
11340	0
11360	1
11380	2
11400	0
11420	0
11440	0
11460	0
11480	0
11500	0
11520	1
11540	0
11560	1
11580	1
11600	8
11620	25
11640	13
11660	8
11680	3
11700	0
11720	2
11740	5
11760	0
11780	2
11800	1
11820	0
11840	1
11860	0
11880	0
11900	0
11920	0
11940	0
11960	1
11980	1
12000	0
12020	0
12040	0
12060	0
12080	0
12100	2
12120	0
12140	0
12160	1
12180	1
12200	2
12220	3
12240	6
12260	19
12280	17
12300	14
12320	17
12340	11
12360	8
12380	23
12400	74
12420	390
12440	1561
12460	5265
12480	8872
12500	7356
12520	3820
12540	1791
12560	756
12580	368
12600	163
12620	90
12640	43
12660	37
12680	16
12700	13
12720	8
12740	7
12760	4
12780	4
12800	2
12820	4
12840	2
12860	1
12880	8
12900	4
12920	2
12940	2
12960	2
12980	2
13000	1
13020	3
13040	2
13060	3
13080	2
13100	2
13120	1
13140	2
13160	2
13180	2
13200	4
13220	3
13240	0
13260	0
13280	0
13300	3
13320	3
13340	3
13360	4
13380	6
13400	3
13420	5
13440	1
13460	1
13480	4
13500	2
13520	1
13540	3
13560	2
13580	0
13600	2
13620	0
13640	2
13660	2
13680	0
13700	2
13720	3
13740	2
13760	3
13780	4
13800	0
13820	0
13840	0
13860	3
13880	4
13900	0
13920	3
13940	0
13960	1
13980	2
14000	2
14020	2
14040	0
14060	0
14080	1
14100	2
14120	2
14140	0
14160	1
14180	1
14200	1
14220	0
14240	4
14260	1
14280	3
14300	0
14320	1
14340	1
14360	1
14380	4
14400	1
14420	0
14440	2
14460	1
14480	0
14500	2
14520	1
14540	2
14560	1
14580	1
14600	1
14620	0
14640	7
14660	1
14680	2
14700	0
14720	0
14740	1
14760	3
14780	2
14800	0
14820	2
14840	0
14860	1
14880	1
14900	2
14920	0
14940	3
14960	4
14980	2
15000	0
15020	1
15040	2
15060	1
15080	1
15100	0
15120	1
15140	2
15160	4
15180	0
15200	2
15220	0
15240	1
15260	0
15280	0
15300	3
15320	2
15340	0
15360	1
15380	1
15400	1
15420	3
15440	3
15460	3
15480	1
15500	2
15520	1
15540	0
15560	0
15580	1
15600	1
15620	1
15640	1
15660	3
15680	2
15700	2
15720	2
15740	11
15760	8
15780	5
15800	12
15820	1
15840	4
15860	2
15880	1
15900	5
15920	2
15940	1
15960	0
15980	1
16000	1
16020	2
16040	0
16060	3
16080	3
16100	1
16120	1
16140	2
16160	2
16180	1
16200	1
16220	0
16240	2
16260	2
16280	4
16300	2
16320	1
16340	2
16360	3
16380	1
16400	0
16420	2
16440	1
16460	1
16480	2
16500	9
16520	7
16540	5
16560	1
16580	2
16600	1
16620	0
16640	3
16660	1
16680	1
16700	0
16720	2
16740	1
16760	1
16780	0
16800	1
16820	2
16840	0
16860	1
16880	4
16900	2
16920	2
16940	1
16960	0
16980	2
17000	3
17020	2
17040	1
17060	0
17080	0
17100	0
17120	1
17140	2
17160	1
17180	0
17200	1
17220	2
17240	1
17260	2
17280	2
17300	0
17320	1
17340	0
17360	3
17380	1
17400	1
17420	1
17440	1
17460	1
17480	2
17500	1
17520	0
17540	3
17560	2
17580	2
17600	0
17620	1
17640	1
17660	1
17680	2
17700	0
17720	1
17740	0
17760	2
17780	1
17800	3
17820	1
17840	2
17860	1
17880	0
17900	1
17920	0
17940	0
17960	3
17980	0
18000	0
18020	1
18040	2
18060	1
18080	1
18100	3
18120	0
18140	0
18160	0
18180	2
18200	1
18220	1
18240	1
18260	2
18280	0
18300	2
18320	1
18340	1
18360	1
18380	0
18400	1
18420	1
18440	0
18460	1
18480	1
18500	0
18520	2
18540	3
18560	2
18580	0
18600	1
18620	0
18640	1
18660	4
18680	1
18700	3
18720	1
18740	3
18760	1
18780	1
18800	1
18820	0
18840	1
18860	0
18880	0
18900	0
18920	1
18940	0
18960	1
18980	0
19000	0
19020	0
19040	1
19060	0
19080	3
19100	1
19120	0
19140	0
19160	2
19180	2
19200	0
19220	1
19240	0
19260	3
19280	3
19300	0
19320	0
19340	2
19360	0
19380	2
19400	1
19420	2
19440	3
19460	1
19480	1
19500	1
19520	2
19540	1
19560	1
19580	3
19600	0
19620	2
19640	1
19660	4
19680	1
19700	1
19720	0
19740	1
19760	3
19780	0
19800	0
19820	3
19840	2
19860	0
19880	0
19900	0
19920	2
19940	1
19960	2
19980	1
