"Time differences (ps)"	"Counts per bin"
-20000	2
-19980	8
-19960	2
-19940	1
-19920	6
-19900	5
-19880	4
-19860	4
-19840	1
-19820	4
-19800	3
-19780	2
-19760	5
-19740	2
-19720	5
-19700	1
-19680	4
-19660	3
-19640	3
-19620	0
-19600	1
-19580	6
-19560	3
-19540	3
-19520	2
-19500	2
-19480	4
-19460	2
-19440	3
-19420	3
-19400	2
-19380	1
-19360	2
-19340	3
-19320	6
-19300	4
-19280	2
-19260	2
-19240	5
-19220	1
-19200	3
-19180	3
-19160	3
-19140	2
-19120	2
-19100	1
-19080	5
-19060	5
-19040	0
-19020	2
-19000	6
-18980	3
-18960	2
-18940	4
-18920	5
-18900	1
-18880	2
-18860	3
-18840	3
-18820	1
-18800	6
-18780	4
-18760	5
-18740	3
-18720	5
-18700	3
-18680	5
-18660	2
-18640	5
-18620	0
-18600	1
-18580	2
-18560	3
-18540	1
-18520	4
-18500	5
-18480	4
-18460	0
-18440	3
-18420	0
-18400	4
-18380	3
-18360	0
-18340	4
-18320	2
-18300	3
-18280	4
-18260	2
-18240	2
-18220	2
-18200	5
-18180	5
-18160	3
-18140	6
-18120	4
-18100	3
-18080	2
-18060	2
-18040	2
-18020	1
-18000	2
-17980	3
-17960	5
-17940	4
-17920	1
-17900	1
-17880	5
-17860	0
-17840	5
-17820	2
-17800	4
-17780	3
-17760	3
-17740	2
-17720	2
-17700	2
-17680	4
-17660	4
-17640	3
-17620	3
-17600	1
-17580	2
-17560	4
-17540	3
-17520	0
-17500	1
-17480	0
-17460	3
-17440	5
-17420	2
-17400	3
-17380	5
-17360	7
-17340	8
-17320	3
-17300	2
-17280	2
-17260	3
-17240	4
-17220	4
-17200	3
-17180	0
-17160	3
-17140	4
-17120	5
-17100	2
-17080	1
-17060	1
-17040	1
-17020	1
-17000	8
-16980	1
-16960	6
-16940	7
-16920	2
-16900	1
-16880	3
-16860	2
-16840	4
-16820	0
-16800	0
-16780	2
-16760	2
-16740	1
-16720	4
-16700	6
-16680	2
-16660	4
-16640	4
-16620	5
-16600	1
-16580	2
-16560	2
-16540	1
-16520	4
-16500	6
-16480	8
-16460	5
-16440	4
-16420	2
-16400	4
-16380	1
-16360	4
-16340	2
-16320	1
-16300	0
-16280	2
-16260	2
-16240	0
-16220	2
-16200	5
-16180	3
-16160	2
-16140	3
-16120	4
-16100	2
-16080	1
-16060	4
-16040	1
-16020	2
-16000	1
-15980	2
-15960	1
-15940	0
-15920	4
-15900	5
-15880	1
-15860	1
-15840	4
-15820	3
-15800	3
-15780	6
-15760	2
-15740	2
-15720	2
-15700	3
-15680	0
-15660	4
-15640	0
-15620	2
-15600	3
-15580	0
-15560	1
-15540	1
-15520	2
-15500	5
-15480	3
-15460	5
-15440	0
-15420	2
-15400	4
-15380	1
-15360	2
-15340	3
-15320	2
-15300	0
-15280	5
-15260	1
-15240	4
-15220	2
-15200	3
-15180	2
-15160	3
-15140	2
-15120	0
-15100	3
-15080	3
-15060	0
-15040	4
-15020	2
-15000	5
-14980	6
-14960	3
-14940	2
-14920	1
-14900	1
-14880	6
-14860	1
-14840	3
-14820	3
-14800	4
-14780	0
-14760	3
-14740	4
-14720	0
-14700	2
-14680	2
-14660	1
-14640	3
-14620	2
-14600	3
-14580	1
-14560	1
-14540	8
-14520	3
-14500	5
-14480	2
-14460	3
-14440	1
-14420	1
-14400	5
-14380	5
-14360	1
-14340	3
-14320	4
-14300	3
-14280	5
-14260	3
-14240	2
-14220	1
-14200	1
-14180	4
-14160	0
-14140	1
-14120	2
-14100	2
-14080	2
-14060	4
-14040	2
-14020	1
-14000	1
-13980	1
-13960	3
-13940	1
-13920	0
-13900	1
-13880	5
-13860	3
-13840	8
-13820	9
-13800	10
-13780	2
-13760	3
-13740	2
-13720	0
-13700	2
-13680	1
-13660	2
-13640	6
-13620	6
-13600	4
-13580	2
-13560	3
-13540	3
-13520	4
-13500	4
-13480	1
-13460	4
-13440	0
-13420	1
-13400	1
-13380	7
-13360	14
-13340	8
-13320	12
-13300	7
-13280	5
-13260	2
-13240	3
-13220	2
-13200	2
-13180	0
-13160	4
-13140	3
-13120	1
-13100	1
-13080	3
-13060	2
-13040	3
-13020	0
-13000	2
-12980	1
-12960	3
-12940	0
-12920	2
-12900	2
-12880	3
-12860	0
-12840	4
-12820	2
-12800	0
-12780	4
-12760	4
-12740	9
-12720	12
-12700	13
-12680	10
-12660	10
-12640	13
-12620	14
-12600	22
-12580	40
-12560	167
-12540	777
-12520	3043
-12500	7599
-12480	9143
-12460	5938
-12440	2876
-12420	1284
-12400	568
-12380	253
-12360	121
-12340	55
-12320	35
-12300	25
-12280	14
-12260	9
-12240	8
-12220	5
-12200	7
-12180	3
-12160	2
-12140	2
-12120	7
-12100	4
-12080	3
-12060	0
-12040	7
-12020	1
-12000	6
-11980	3
-11960	5
-11940	3
-11920	4
-11900	5
-11880	3
-11860	2
-11840	6
-11820	2
-11800	5
-11780	3
-11760	4
-11740	1
-11720	0
-11700	2
-11680	1
-11660	3
-11640	2
-11620	6
-11600	6
-11580	6
-11560	5
-11540	1
-11520	2
-11500	4
-11480	2
-11460	4
-11440	4
-11420	8
-11400	2
-11380	6
-11360	4
-11340	7
-11320	1
-11300	1
-11280	4
-11260	4
-11240	3
-11220	1
-11200	4
-11180	5
-11160	9
-11140	4
-11120	4
-11100	4
-11080	3
-11060	2
-11040	5
-11020	5
-11000	7
-10980	6
-10960	2
-10940	2
-10920	4
-10900	4
-10880	3
-10860	2
-10840	3
-10820	4
-10800	6
-10780	1
-10760	6
-10740	5
-10720	3
-10700	1
-10680	4
-10660	7
-10640	4
-10620	3
-10600	6
-10580	5
-10560	3
-10540	1
-10520	2
-10500	3
-10480	4
-10460	4
-10440	3
-10420	2
-10400	1
-10380	2
-10360	3
-10340	2
-10320	4
-10300	5
-10280	5
-10260	1
-10240	4
-10220	4
-10200	4
-10180	4
-10160	5
-10140	2
-10120	4
-10100	2
-10080	4
-10060	2
-10040	1
-10020	0
-10000	5
-9980	4
-9960	5
-9940	2
-9920	2
-9900	4
-9880	5
-9860	5
-9840	2
-9820	7
-9800	7
-9780	1
-9760	2
-9740	0
-9720	3
-9700	5
-9680	3
-9660	4
-9640	5
-9620	1
-9600	3
-9580	1
-9560	7
-9540	4
-9520	0
-9500	2
-9480	2
-9460	3
-9440	3
-9420	1
-9400	5
-9380	5
-9360	4
-9340	1
-9320	6
-9300	5
-9280	3
-9260	5
-9240	4
-9220	5
-9200	15
-9180	11
-9160	3
-9140	2
-9120	4
-9100	5
-9080	7
-9060	2
-9040	3
-9020	5
-9000	5
-8980	0
-8960	2
-8940	3
-8920	6
-8900	3
-8880	4
-8860	4
-8840	3
-8820	5
-8800	1
-8780	1
-8760	1
-8740	3
-8720	2
-8700	4
-8680	1
-8660	4
-8640	1
-8620	4
-8600	7
-8580	2
-8560	3
-8540	6
-8520	5
-8500	8
-8480	7
-8460	9
-8440	4
-8420	4
-8400	3
-8380	3
-8360	8
-8340	3
-8320	5
-8300	4
-8280	4
-8260	1
-8240	4
-8220	8
-8200	4
-8180	4
-8160	6
-8140	4
-8120	1
-8100	7
-8080	2
-8060	2
-8040	2
-8020	2
-8000	2
-7980	0
-7960	1
-7940	3
-7920	5
-7900	3
-7880	2
-7860	6
-7840	5
-7820	3
-7800	3
-7780	0
-7760	0
-7740	0
-7720	4
-7700	1
-7680	1
-7660	4
-7640	5
-7620	1
-7600	3
-7580	6
-7560	5
-7540	3
-7520	2
-7500	1
-7480	6
-7460	1
-7440	2
-7420	3
-7400	4
-7380	2
-7360	2
-7340	4
-7320	0
-7300	3
-7280	4
-7260	1
-7240	3
-7220	1
-7200	4
-7180	3
-7160	1
-7140	2
-7120	3
-7100	2
-7080	5
-7060	2
-7040	1
-7020	3
-7000	5
-6980	3
-6960	5
-6940	0
-6920	3
-6900	6
-6880	2
-6860	7
-6840	6
-6820	1
-6800	5
-6780	0
-6760	2
-6740	2
-6720	5
-6700	0
-6680	1
-6660	3
-6640	3
-6620	2
-6600	0
-6580	2
-6560	1
-6540	1
-6520	2
-6500	2
-6480	2
-6460	1
-6440	4
-6420	6
-6400	5
-6380	0
-6360	3
-6340	1
-6320	3
-6300	7
-6280	4
-6260	4
-6240	3
-6220	3
-6200	5
-6180	4
-6160	0
-6140	4
-6120	2
-6100	1
-6080	3
-6060	3
-6040	0
-6020	2
-6000	3
-5980	3
-5960	2
-5940	4
-5920	3
-5900	1
-5880	3
-5860	2
-5840	4
-5820	1
-5800	3
-5780	9
-5760	3
-5740	2
-5720	1
-5700	1
-5680	1
-5660	4
-5640	6
-5620	1
-5600	0
-5580	1
-5560	1
-5540	3
-5520	0
-5500	6
-5480	2
-5460	6
-5440	2
-5420	3
-5400	1
-5380	0
-5360	2
-5340	0
-5320	4
-5300	3
-5280	3
-5260	4
-5240	2
-5220	0
-5200	2
-5180	3
-5160	1
-5140	4
-5120	7
-5100	5
-5080	1
-5060	1
-5040	4
-5020	2
-5000	5
-4980	5
-4960	2
-4940	4
-4920	3
-4900	2
-4880	6
-4860	6
-4840	3
-4820	7
-4800	3
-4780	2
-4760	5
-4740	2
-4720	2
-4700	3
-4680	2
-4660	5
-4640	3
-4620	0
-4600	2
-4580	2
-4560	4
-4540	2
-4520	3
-4500	4
-4480	4
-4460	2
-4440	3
-4420	2
-4400	2
-4380	2
-4360	4
-4340	2
-4320	3
-4300	3
-4280	2
-4260	3
-4240	5
-4220	4
-4200	2
-4180	1
-4160	10
-4140	2
-4120	2
-4100	3
-4080	1
-4060	1
-4040	2
-4020	8
-4000	5
-3980	6
-3960	3
-3940	5
-3920	4
-3900	4
-3880	2
-3860	0
-3840	5
-3820	0
-3800	2
-3780	2
-3760	1
-3740	3
-3720	1
-3700	2
-3680	4
-3660	3
-3640	4
-3620	5
-3600	1
-3580	5
-3560	3
-3540	2
-3520	2
-3500	4
-3480	0
-3460	3
-3440	3
-3420	1
-3400	2
-3380	3
-3360	2
-3340	9
-3320	1
-3300	1
-3280	1
-3260	1
-3240	2
-3220	2
-3200	4
-3180	2
-3160	2
-3140	3
-3120	6
-3100	1
-3080	2
-3060	4
-3040	3
-3020	3
-3000	3
-2980	2
-2960	1
-2940	0
-2920	1
-2900	0
-2880	1
-2860	2
-2840	4
-2820	1
-2800	5
-2780	2
-2760	5
-2740	2
-2720	3
-2700	5
-2680	6
-2660	7
-2640	3
-2620	3
-2600	3
-2580	4
-2560	1
-2540	1
-2520	3
-2500	0
-2480	3
-2460	3
-2440	0
-2420	2
-2400	4
-2380	1
-2360	1
-2340	5
-2320	2
-2300	2
-2280	2
-2260	2
-2240	2
-2220	2
-2200	2
-2180	2
-2160	2
-2140	2
-2120	3
-2100	3
-2080	3
-2060	4
-2040	3
-2020	4
-2000	5
-1980	2
-1960	2
-1940	0
-1920	2
-1900	3
-1880	5
-1860	1
-1840	1
-1820	2
-1800	3
-1780	2
-1760	1
-1740	1
-1720	4
-1700	2
-1680	1
-1660	1
-1640	3
-1620	3
-1600	2
-1580	2
-1560	3
-1540	2
-1520	3
-1500	0
-1480	1
-1460	1
-1440	4
-1420	3
-1400	4
-1380	3
-1360	4
-1340	7
-1320	5
-1300	11
-1280	3
-1260	3
-1240	3
-1220	3
-1200	2
-1180	2
-1160	2
-1140	2
-1120	3
-1100	3
-1080	4
-1060	3
-1040	4
-1020	2
-1000	3
-980	1
-960	5
-940	3
-920	4
-900	9
-880	8
-860	7
-840	11
-820	13
-800	7
-780	8
-760	4
-740	4
-720	3
-700	5
-680	1
-660	1
-640	2
-620	1
-600	3
-580	1
-560	1
-540	1
-520	4
-500	2
-480	1
-460	2
-440	1
-420	1
-400	3
-380	6
-360	1
-340	1
-320	1
-300	4
-280	3
-260	1
-240	2
-220	3
-200	5
-180	1
-160	0
-140	5
-120	5
-100	2
-80	11
-60	37
-40	194
-20	996
0	1434
20	632
40	320
60	256
80	215
100	128
120	73
140	42
160	30
180	15
200	10
220	12
240	3
260	3
280	1
300	3
320	3
340	0
360	1
380	1
400	1
420	0
440	0
460	2
480	1
500	0
520	2
540	2
560	0
580	1
600	0
620	1
640	1
660	3
680	0
700	2
720	5
740	2
760	3
780	2
800	8
820	0
840	3
860	2
880	0
900	2
920	2
940	0
960	4
980	0
1000	2
1020	1
1040	1
1060	1
1080	1
1100	2
1120	2
1140	4
1160	1
1180	1
1200	0
1220	0
1240	3
1260	1
1280	0
1300	5
1320	1
1340	0
1360	1
1380	1
1400	0
1420	1
1440	2
1460	2
1480	0
1500	0
1520	1
1540	0
1560	0
1580	2
1600	1
1620	4
1640	1
1660	0
1680	3
1700	0
1720	0
1740	0
1760	1
1780	3
1800	3
1820	3
1840	2
1860	0
1880	0
1900	0
1920	1
1940	4
1960	0
1980	4
2000	2
2020	1
2040	1
2060	2
2080	1
2100	0
2120	0
2140	1
2160	1
2180	3
2200	1
2220	0
2240	2
2260	0
2280	1
2300	2
2320	1
2340	0
2360	1
2380	0
2400	1
2420	2
2440	2
2460	0
2480	2
2500	0
2520	2
2540	2
2560	1
2580	1
2600	0
2620	1
2640	2
2660	1
2680	0
2700	1
2720	1
2740	2
2760	1
2780	0
2800	2
2820	1
2840	2
2860	1
2880	3
2900	1
2920	1
2940	0
2960	2
2980	0
3000	0
3020	2
3040	0
3060	0
3080	2
3100	1
3120	2
3140	2
3160	1
3180	0
3200	0
3220	3
3240	1
3260	6
3280	8
3300	7
3320	6
3340	3
3360	3
3380	5
3400	4
3420	3
3440	0
3460	3
3480	1
3500	2
3520	1
3540	1
3560	1
3580	0
3600	0
3620	0
3640	2
3660	1
3680	2
3700	0
3720	1
3740	0
3760	3
3780	0
3800	0
3820	1
3840	1
3860	0
3880	1
3900	0
3920	2
3940	3
3960	2
3980	0
4000	7
4020	2
4040	1
4060	0
4080	2
4100	2
4120	2
4140	4
4160	2
4180	1
4200	2
4220	0
4240	2
4260	1
4280	0
4300	2
4320	0
4340	0
4360	3
4380	1
4400	2
4420	1
4440	0
4460	0
4480	3
4500	1
4520	0
4540	0
4560	0
4580	0
4600	1
4620	1
4640	1
4660	0
4680	0
4700	2
4720	2
4740	1
4760	1
4780	3
4800	2
4820	1
4840	1
4860	1
4880	4
4900	2
4920	2
4940	2
4960	1
4980	0
5000	2
5020	1
5040	3
5060	1
5080	2
5100	1
5120	2
5140	1
5160	1
5180	0
5200	1
5220	0
5240	0
5260	2
5280	0
5300	0
5320	1
5340	0
5360	0
5380	1
5400	1
5420	1
5440	0
5460	3
5480	1
5500	0
5520	0
5540	1
5560	1
5580	0
5600	1
5620	0
5640	0
5660	2
5680	0
5700	0
5720	1
5740	3
5760	1
5780	1
5800	1
5820	0
5840	1
5860	1
5880	1
5900	0
5920	1
5940	1
5960	1
5980	2
6000	1
6020	1
6040	1
6060	0
6080	0
6100	1
6120	0
6140	0
6160	0
6180	1
6200	2
6220	0
6240	2
6260	0
6280	3
6300	1
6320	2
6340	1
6360	4
6380	0
6400	1
6420	0
6440	0
6460	1
6480	0
6500	0
6520	2
6540	1
6560	1
6580	1
6600	2
6620	1
6640	0
6660	0
6680	0
6700	2
6720	0
6740	1
6760	2
6780	0
6800	1
6820	0
6840	0
6860	1
6880	0
6900	0
6920	2
6940	0
6960	0
6980	0
7000	0
7020	1
7040	1
7060	2
7080	0
7100	2
7120	0
7140	0
7160	0
7180	1
7200	3
7220	0
7240	0
7260	2
7280	0
7300	1
7320	1
7340	2
7360	3
7380	0
7400	1
7420	1
7440	2
7460	0
7480	1
7500	0
7520	0
7540	1
7560	0
7580	2
7600	2
7620	2
7640	1
7660	2
7680	2
7700	2
7720	2
7740	0
7760	0
7780	1
7800	2
7820	0
7840	0
7860	1
7880	2
7900	2
7920	1
7940	1
7960	2
7980	0
8000	0
8020	0
8040	2
8060	2
8080	1
8100	0
8120	1
8140	0
8160	0
8180	1
8200	2
8220	1
8240	0
8260	1
8280	1
8300	0
8320	1
8340	0
8360	1
8380	4
8400	1
8420	1
8440	3
8460	6
8480	4
8500	5
8520	4
8540	0
8560	0
8580	0
8600	0
8620	1
8640	1
8660	1
8680	1
8700	2
8720	0
8740	2
8760	2
8780	1
8800	1
8820	3
8840	2
8860	0
8880	1
8900	2
8920	0
8940	2
8960	0
8980	1
9000	0
9020	1
9040	0
9060	0
9080	1
9100	1
9120	2
9140	1
9160	0
9180	0
9200	2
9220	0
9240	2
9260	2
9280	1
9300	1
9320	0
9340	2
9360	0
9380	2
9400	0
9420	0
9440	0
9460	2
9480	4
9500	0
9520	1
9540	2
9560	0
9580	1
9600	0
9620	2
9640	0
9660	3
9680	1
9700	2
9720	0
9740	1
9760	1
9780	0
9800	0
9820	1
9840	0
9860	1
9880	0
9900	0
9920	2
9940	3
9960	2
9980	1
10000	1
10020	1
10040	1
10060	0
10080	1
10100	1
10120	0
10140	0
10160	1
10180	1
10200	0
10220	0
10240	2
10260	0
10280	2
10300	1
10320	0
10340	1
10360	0
10380	0
10400	0
10420	0
10440	0
10460	1
10480	2
10500	1
10520	0
10540	2
10560	1
10580	0
10600	0
10620	4
10640	0
10660	1
10680	0
10700	2
10720	2
10740	0
10760	0
10780	0
10800	0
10820	0
10840	0
10860	0
10880	2
10900	1
10920	1
10940	0
10960	0
10980	0
11000	0
11020	0
11040	1
11060	0
11080	1
11100	1
11120	5
11140	5
11160	17
11180	9
11200	4
11220	2
11240	0
11260	1
11280	1
11300	0
11320	2
11340	0
11360	0
11380	0
11400	0
11420	0
11440	1
11460	1
11480	2
11500	1
11520	0
11540	2
11560	1
11580	3
11600	9
11620	11
11640	10
11660	9
11680	1
11700	3
11720	2
11740	0
11760	1
11780	0
11800	1
11820	2
11840	1
11860	0
11880	0
11900	1
11920	1
11940	1
11960	2
11980	0
12000	1
12020	1
12040	1
12060	0
12080	0
12100	1
12120	3
12140	1
12160	3
12180	0
12200	0
12220	1
12240	0
12260	2
12280	4
12300	1
12320	5
12340	2
12360	9
12380	23
12400	91
12420	401
12440	1627
12460	5190
12480	9216
12500	7789
12520	4052
12540	1896
12560	776
12580	338
12600	176
12620	93
12640	60
12660	36
12680	20
12700	11
12720	11
12740	1
12760	3
12780	4
12800	4
12820	2
12840	1
12860	2
12880	0
12900	1
12920	2
12940	1
12960	4
12980	1
13000	3
13020	2
13040	1
13060	3
13080	3
13100	3
13120	3
13140	2
13160	0
13180	1
13200	3
13220	0
13240	4
13260	0
13280	3
13300	3
13320	2
13340	4
13360	1
13380	2
13400	4
13420	2
13440	1
13460	1
13480	4
13500	0
13520	1
13540	3
13560	3
13580	1
13600	2
13620	2
13640	1
13660	1
13680	1
13700	3
13720	3
13740	3
13760	1
13780	1
13800	2
13820	0
13840	1
13860	2
13880	2
13900	0
13920	1
13940	2
13960	2
13980	2
14000	1
14020	0
14040	3
14060	0
14080	3
14100	1
14120	2
14140	3
14160	0
14180	3
14200	1
14220	0
14240	2
14260	2
14280	1
14300	1
14320	2
14340	2
14360	1
14380	2
14400	2
14420	2
14440	1
14460	2
14480	2
14500	4
14520	0
14540	2
14560	2
14580	1
14600	0
14620	0
14640	1
14660	0
14680	3
14700	3
14720	0
14740	2
14760	1
14780	2
14800	3
14820	2
14840	2
14860	0
14880	3
14900	0
14920	1
14940	0
14960	2
14980	0
15000	2
15020	1
15040	4
15060	3
15080	4
15100	1
15120	4
15140	1
15160	1
15180	0
15200	0
15220	0
15240	2
15260	3
15280	2
15300	1
15320	1
15340	2
15360	4
15380	1
15400	0
15420	1
15440	2
15460	1
15480	1
15500	1
15520	2
15540	0
15560	1
15580	2
15600	4
15620	1
15640	1
15660	2
15680	3
15700	2
15720	0
15740	5
15760	11
15780	12
15800	15
15820	11
15840	2
15860	6
15880	3
15900	5
15920	0
15940	2
15960	6
15980	1
16000	0
16020	0
16040	2
16060	2
16080	2
16100	2
16120	3
16140	2
16160	3
16180	1
16200	0
16220	1
16240	0
16260	1
16280	2
16300	0
16320	3
16340	0
16360	2
16380	1
16400	0
16420	2
16440	0
16460	1
16480	7
16500	4
16520	3
16540	3
16560	2
16580	4
16600	0
16620	1
16640	1
16660	2
16680	1
16700	0
16720	3
16740	2
16760	1
16780	1
16800	2
16820	1
16840	2
16860	0
16880	3
16900	2
16920	1
16940	2
16960	0
16980	2
17000	1
17020	2
17040	2
17060	0
17080	1
17100	0
17120	2
17140	4
17160	4
17180	2
17200	0
17220	0
17240	2
17260	1
17280	1
17300	2
17320	1
17340	2
17360	2
17380	1
17400	5
17420	2
17440	1
17460	1
17480	0
17500	2
17520	0
17540	2
17560	1
17580	2
17600	2
17620	0
17640	2
17660	1
17680	0
17700	6
17720	2
17740	2
17760	1
17780	0
17800	1
17820	3
17840	1
17860	0
17880	0
17900	0
17920	1
17940	3
17960	1
17980	0
18000	0
18020	1
18040	3
18060	2
18080	1
18100	1
18120	3
18140	0
18160	0
18180	1
18200	2
18220	0
18240	2
18260	1
18280	1
18300	2
18320	2
18340	2
18360	0
18380	1
18400	0
18420	2
18440	0
18460	3
18480	0
18500	1
18520	1
18540	0
18560	1
18580	0
18600	1
18620	0
18640	0
18660	2
18680	2
18700	0
18720	1
18740	1
18760	0
18780	0
18800	0
18820	0
18840	2
18860	1
18880	0
18900	1
18920	0
18940	0
18960	0
18980	0
19000	0
19020	3
19040	1
19060	1
19080	2
19100	2
19120	1
19140	2
19160	0
19180	1
19200	1
19220	0
19240	4
19260	1
19280	1
19300	1
19320	0
19340	1
19360	1
19380	1
19400	1
19420	2
19440	0
19460	2
19480	2
19500	1
19520	0
19540	2
19560	0
19580	0
19600	2
19620	1
19640	0
19660	0
19680	1
19700	1
19720	3
19740	2
19760	1
19780	2
19800	0
19820	1
19840	0
19860	3
19880	2
19900	1
19920	0
19940	1
19960	1
19980	2
