"Time differences (ps)"	"Counts per bin"
-20000	4
-19980	3
-19960	4
-19940	3
-19920	4
-19900	0
-19880	6
-19860	4
-19840	2
-19820	3
-19800	5
-19780	3
-19760	1
-19740	2
-19720	1
-19700	4
-19680	3
-19660	4
-19640	3
-19620	5
-19600	2
-19580	2
-19560	6
-19540	4
-19520	8
-19500	3
-19480	4
-19460	3
-19440	2
-19420	0
-19400	1
-19380	5
-19360	0
-19340	5
-19320	2
-19300	0
-19280	0
-19260	2
-19240	0
-19220	5
-19200	8
-19180	2
-19160	2
-19140	6
-19120	2
-19100	1
-19080	4
-19060	4
-19040	0
-19020	3
-19000	6
-18980	7
-18960	4
-18940	3
-18920	3
-18900	5
-18880	1
-18860	3
-18840	2
-18820	5
-18800	4
-18780	5
-18760	2
-18740	3
-18720	2
-18700	4
-18680	4
-18660	2
-18640	1
-18620	0
-18600	2
-18580	3
-18560	1
-18540	1
-18520	4
-18500	2
-18480	3
-18460	3
-18440	2
-18420	3
-18400	0
-18380	4
-18360	5
-18340	4
-18320	1
-18300	6
-18280	4
-18260	2
-18240	3
-18220	3
-18200	2
-18180	2
-18160	4
-18140	2
-18120	2
-18100	4
-18080	2
-18060	2
-18040	3
-18020	4
-18000	2
-17980	4
-17960	3
-17940	1
-17920	1
-17900	2
-17880	5
-17860	2
-17840	3
-17820	2
-17800	4
-17780	2
-17760	3
-17740	4
-17720	3
-17700	4
-17680	1
-17660	3
-17640	4
-17620	3
-17600	2
-17580	1
-17560	5
-17540	0
-17520	4
-17500	5
-17480	0
-17460	2
-17440	0
-17420	1
-17400	3
-17380	1
-17360	11
-17340	5
-17320	3
-17300	2
-17280	2
-17260	5
-17240	2
-17220	2
-17200	2
-17180	5
-17160	3
-17140	3
-17120	3
-17100	5
-17080	2
-17060	2
-17040	7
-17020	2
-17000	3
-16980	2
-16960	2
-16940	3
-16920	2
-16900	4
-16880	1
-16860	2
-16840	2
-16820	5
-16800	0
-16780	3
-16760	6
-16740	0
-16720	0
-16700	3
-16680	3
-16660	4
-16640	4
-16620	3
-16600	1
-16580	0
-16560	3
-16540	0
-16520	7
-16500	8
-16480	4
-16460	0
-16440	3
-16420	2
-16400	0
-16380	1
-16360	2
-16340	3
-16320	1
-16300	2
-16280	3
-16260	4
-16240	3
-16220	0
-16200	1
-16180	1
-16160	1
-16140	1
-16120	4
-16100	2
-16080	2
-16060	2
-16040	1
-16020	3
-16000	1
-15980	4
-15960	4
-15940	5
-15920	1
-15900	3
-15880	5
-15860	0
-15840	3
-15820	2
-15800	1
-15780	3
-15760	3
-15740	1
-15720	2
-15700	5
-15680	4
-15660	0
-15640	2
-15620	2
-15600	0
-15580	1
-15560	3
-15540	2
-15520	2
-15500	3
-15480	3
-15460	0
-15440	2
-15420	2
-15400	3
-15380	3
-15360	3
-15340	6
-15320	5
-15300	1
-15280	6
-15260	1
-15240	4
-15220	1
-15200	1
-15180	5
-15160	2
-15140	2
-15120	4
-15100	3
-15080	3
-15060	1
-15040	2
-15020	3
-15000	1
-14980	2
-14960	2
-14940	2
-14920	0
-14900	1
-14880	4
-14860	1
-14840	0
-14820	4
-14800	4
-14780	1
-14760	1
-14740	6
-14720	1
-14700	5
-14680	3
-14660	3
-14640	2
-14620	2
-14600	4
-14580	2
-14560	2
-14540	2
-14520	4
-14500	0
-14480	4
-14460	3
-14440	0
-14420	2
-14400	3
-14380	3
-14360	2
-14340	0
-14320	4
-14300	3
-14280	2
-14260	5
-14240	0
-14220	3
-14200	0
-14180	1
-14160	1
-14140	1
-14120	1
-14100	3
-14080	4
-14060	5
-14040	0
-14020	3
-14000	2
-13980	3
-13960	1
-13940	3
-13920	0
-13900	0
-13880	1
-13860	5
-13840	2
-13820	9
-13800	7
-13780	2
-13760	7
-13740	1
-13720	1
-13700	3
-13680	7
-13660	6
-13640	1
-13620	6
-13600	5
-13580	0
-13560	1
-13540	5
-13520	2
-13500	2
-13480	3
-13460	6
-13440	3
-13420	2
-13400	1
-13380	6
-13360	6
-13340	9
-13320	11
-13300	11
-13280	4
-13260	2
-13240	7
-13220	3
-13200	1
-13180	3
-13160	3
-13140	3
-13120	3
-13100	1
-13080	1
-13060	5
-13040	4
-13020	1
-13000	3
-12980	0
-12960	1
-12940	3
-12920	0
-12900	2
-12880	5
-12860	0
-12840	5
-12820	2
-12800	4
-12780	5
-12760	4
-12740	11
-12720	9
-12700	14
-12680	16
-12660	12
-12640	8
-12620	9
-12600	11
-12580	63
-12560	193
-12540	822
-12520	3063
-12500	7811
-12480	8971
-12460	5408
-12440	2388
-12420	990
-12400	401
-12380	189
-12360	76
-12340	45
-12320	47
-12300	31
-12280	27
-12260	11
-12240	6
-12220	14
-12200	7
-12180	3
-12160	6
-12140	8
-12120	4
-12100	3
-12080	3
-12060	3
-12040	6
-12020	2
-12000	6
-11980	3
-11960	3
-11940	6
-11920	3
-11900	3
-11880	4
-11860	3
-11840	5
-11820	2
-11800	3
-11780	4
-11760	5
-11740	1
-11720	4
-11700	3
-11680	2
-11660	3
-11640	4
-11620	8
-11600	2
-11580	8
-11560	5
-11540	4
-11520	4
-11500	6
-11480	3
-11460	1
-11440	4
-11420	3
-11400	0
-11380	1
-11360	2
-11340	6
-11320	3
-11300	5
-11280	4
-11260	6
-11240	2
-11220	4
-11200	3
-11180	2
-11160	1
-11140	4
-11120	9
-11100	2
-11080	3
-11060	2
-11040	2
-11020	7
-11000	3
-10980	4
-10960	2
-10940	3
-10920	4
-10900	5
-10880	1
-10860	1
-10840	3
-10820	7
-10800	7
-10780	6
-10760	6
-10740	6
-10720	6
-10700	1
-10680	4
-10660	7
-10640	4
-10620	3
-10600	5
-10580	2
-10560	2
-10540	1
-10520	5
-10500	2
-10480	4
-10460	7
-10440	3
-10420	4
-10400	5
-10380	1
-10360	4
-10340	0
-10320	3
-10300	3
-10280	3
-10260	4
-10240	4
-10220	5
-10200	4
-10180	2
-10160	1
-10140	3
-10120	3
-10100	1
-10080	2
-10060	1
-10040	7
-10020	4
-10000	2
-9980	4
-9960	3
-9940	3
-9920	5
-9900	4
-9880	0
-9860	2
-9840	2
-9820	4
-9800	5
-9780	7
-9760	6
-9740	2
-9720	6
-9700	5
-9680	4
-9660	2
-9640	6
-9620	1
-9600	1
-9580	1
-9560	2
-9540	5
-9520	3
-9500	4
-9480	2
-9460	0
-9440	3
-9420	4
-9400	4
-9380	1
-9360	4
-9340	6
-9320	4
-9300	2
-9280	1
-9260	5
-9240	9
-9220	8
-9200	19
-9180	8
-9160	9
-9140	2
-9120	5
-9100	4
-9080	3
-9060	7
-9040	3
-9020	7
-9000	3
-8980	3
-8960	3
-8940	2
-8920	5
-8900	5
-8880	2
-8860	4
-8840	7
-8820	6
-8800	3
-8780	4
-8760	5
-8740	3
-8720	6
-8700	4
-8680	0
-8660	3
-8640	4
-8620	0
-8600	7
-8580	5
-8560	5
-8540	9
-8520	7
-8500	7
-8480	10
-8460	12
-8440	7
-8420	6
-8400	3
-8380	4
-8360	3
-8340	1
-8320	1
-8300	3
-8280	5
-8260	2
-8240	1
-8220	2
-8200	2
-8180	4
-8160	2
-8140	2
-8120	3
-8100	3
-8080	4
-8060	3
-8040	2
-8020	3
-8000	4
-7980	1
-7960	5
-7940	0
-7920	2
-7900	4
-7880	1
-7860	2
-7840	2
-7820	3
-7800	0
-7780	8
-7760	1
-7740	3
-7720	0
-7700	5
-7680	3
-7660	3
-7640	1
-7620	2
-7600	1
-7580	4
-7560	3
-7540	2
-7520	2
-7500	2
-7480	5
-7460	2
-7440	3
-7420	6
-7400	1
-7380	7
-7360	3
-7340	3
-7320	2
-7300	0
-7280	0
-7260	2
-7240	2
-7220	0
-7200	3
-7180	2
-7160	2
-7140	5
-7120	2
-7100	1
-7080	2
-7060	4
-7040	0
-7020	2
-7000	4
-6980	4
-6960	2
-6940	4
-6920	4
-6900	2
-6880	3
-6860	1
-6840	1
-6820	3
-6800	0
-6780	2
-6760	3
-6740	3
-6720	2
-6700	1
-6680	0
-6660	2
-6640	6
-6620	3
-6600	1
-6580	1
-6560	2
-6540	5
-6520	7
-6500	3
-6480	2
-6460	2
-6440	2
-6420	2
-6400	0
-6380	3
-6360	3
-6340	2
-6320	1
-6300	3
-6280	4
-6260	3
-6240	2
-6220	2
-6200	2
-6180	2
-6160	3
-6140	1
-6120	3
-6100	2
-6080	2
-6060	2
-6040	3
-6020	1
-6000	4
-5980	2
-5960	3
-5940	1
-5920	1
-5900	2
-5880	4
-5860	5
-5840	6
-5820	0
-5800	4
-5780	2
-5760	2
-5740	2
-5720	2
-5700	4
-5680	3
-5660	6
-5640	3
-5620	1
-5600	1
-5580	0
-5560	2
-5540	1
-5520	1
-5500	1
-5480	2
-5460	0
-5440	4
-5420	0
-5400	1
-5380	6
-5360	1
-5340	3
-5320	4
-5300	4
-5280	2
-5260	3
-5240	3
-5220	0
-5200	3
-5180	0
-5160	5
-5140	5
-5120	4
-5100	1
-5080	2
-5060	2
-5040	4
-5020	2
-5000	2
-4980	4
-4960	2
-4940	4
-4920	2
-4900	2
-4880	8
-4860	6
-4840	1
-4820	2
-4800	6
-4780	3
-4760	1
-4740	3
-4720	5
-4700	0
-4680	3
-4660	4
-4640	4
-4620	3
-4600	2
-4580	3
-4560	3
-4540	0
-4520	1
-4500	1
-4480	4
-4460	3
-4440	2
-4420	0
-4400	7
-4380	1
-4360	3
-4340	1
-4320	5
-4300	2
-4280	3
-4260	2
-4240	2
-4220	2
-4200	1
-4180	3
-4160	2
-4140	3
-4120	2
-4100	2
-4080	5
-4060	1
-4040	4
-4020	5
-4000	6
-3980	3
-3960	3
-3940	4
-3920	7
-3900	6
-3880	5
-3860	5
-3840	3
-3820	6
-3800	3
-3780	3
-3760	3
-3740	3
-3720	5
-3700	2
-3680	0
-3660	1
-3640	1
-3620	2
-3600	3
-3580	2
-3560	1
-3540	3
-3520	2
-3500	2
-3480	3
-3460	3
-3440	3
-3420	1
-3400	5
-3380	2
-3360	0
-3340	3
-3320	5
-3300	4
-3280	1
-3260	3
-3240	3
-3220	1
-3200	2
-3180	5
-3160	4
-3140	1
-3120	4
-3100	5
-3080	2
-3060	4
-3040	1
-3020	5
-3000	2
-2980	2
-2960	3
-2940	5
-2920	4
-2900	2
-2880	3
-2860	4
-2840	4
-2820	6
-2800	3
-2780	3
-2760	2
-2740	3
-2720	3
-2700	4
-2680	3
-2660	3
-2640	0
-2620	2
-2600	4
-2580	0
-2560	4
-2540	1
-2520	2
-2500	2
-2480	3
-2460	2
-2440	4
-2420	1
-2400	1
-2380	5
-2360	2
-2340	2
-2320	1
-2300	2
-2280	5
-2260	3
-2240	1
-2220	3
-2200	1
-2180	4
-2160	5
-2140	1
-2120	3
-2100	4
-2080	1
-2060	2
-2040	0
-2020	1
-2000	0
-1980	4
-1960	2
-1940	0
-1920	1
-1900	3
-1880	2
-1860	1
-1840	1
-1820	2
-1800	2
-1780	5
-1760	3
-1740	3
-1720	2
-1700	3
-1680	1
-1660	1
-1640	0
-1620	2
-1600	1
-1580	2
-1560	0
-1540	2
-1520	2
-1500	1
-1480	2
-1460	1
-1440	5
-1420	3
-1400	4
-1380	2
-1360	3
-1340	10
-1320	19
-1300	6
-1280	6
-1260	2
-1240	3
-1220	1
-1200	1
-1180	4
-1160	5
-1140	2
-1120	4
-1100	4
-1080	4
-1060	3
-1040	7
-1020	2
-1000	3
-980	1
-960	1
-940	4
-920	3
-900	7
-880	7
-860	11
-840	10
-820	4
-800	9
-780	4
-760	4
-740	3
-720	4
-700	4
-680	6
-660	3
-640	5
-620	2
-600	4
-580	3
-560	2
-540	1
-520	2
-500	4
-480	2
-460	2
-440	2
-420	1
-400	4
-380	4
-360	2
-340	2
-320	2
-300	3
-280	3
-260	3
-240	13
-220	15
-200	6
-180	7
-160	8
-140	10
-120	14
-100	9
-80	28
-60	168
-40	1079
-20	6059
0	10615
20	6735
40	3310
60	1468
80	646
100	306
120	129
140	77
160	47
180	38
200	17
220	15
240	9
260	3
280	3
300	1
320	2
340	6
360	0
380	4
400	0
420	3
440	0
460	1
480	2
500	3
520	2
540	3
560	2
580	3
600	4
620	4
640	1
660	2
680	2
700	4
720	6
740	0
760	0
780	2
800	2
820	4
840	1
860	1
880	6
900	1
920	1
940	5
960	4
980	2
1000	3
1020	2
1040	2
1060	2
1080	0
1100	0
1120	3
1140	1
1160	2
1180	4
1200	0
1220	1
1240	1
1260	3
1280	3
1300	2
1320	1
1340	1
1360	3
1380	2
1400	2
1420	1
1440	1
1460	2
1480	4
1500	0
1520	2
1540	3
1560	2
1580	4
1600	0
1620	0
1640	1
1660	1
1680	1
1700	0
1720	1
1740	3
1760	1
1780	3
1800	3
1820	2
1840	1
1860	4
1880	1
1900	3
1920	1
1940	2
1960	1
1980	0
2000	3
2020	0
2040	0
2060	2
2080	0
2100	2
2120	5
2140	2
2160	1
2180	2
2200	0
2220	2
2240	1
2260	1
2280	2
2300	2
2320	0
2340	0
2360	1
2380	2
2400	4
2420	2
2440	3
2460	0
2480	2
2500	1
2520	0
2540	1
2560	1
2580	1
2600	2
2620	0
2640	0
2660	2
2680	2
2700	0
2720	3
2740	1
2760	0
2780	0
2800	2
2820	2
2840	1
2860	2
2880	1
2900	0
2920	0
2940	2
2960	0
2980	1
3000	3
3020	1
3040	0
3060	0
3080	1
3100	2
3120	1
3140	0
3160	0
3180	3
3200	1
3220	4
3240	1
3260	3
3280	7
3300	12
3320	7
3340	3
3360	2
3380	2
3400	1
3420	4
3440	2
3460	2
3480	1
3500	2
3520	1
3540	0
3560	0
3580	1
3600	2
3620	0
3640	2
3660	1
3680	1
3700	3
3720	1
3740	0
3760	2
3780	0
3800	1
3820	2
3840	3
3860	0
3880	1
3900	0
3920	0
3940	1
3960	3
3980	2
4000	6
4020	5
4040	3
4060	3
4080	0
4100	1
4120	3
4140	1
4160	1
4180	1
4200	0
4220	0
4240	0
4260	1
4280	0
4300	0
4320	1
4340	2
4360	1
4380	2
4400	1
4420	1
4440	3
4460	3
4480	1
4500	0
4520	0
4540	0
4560	3
4580	2
4600	0
4620	2
4640	1
4660	2
4680	3
4700	1
4720	1
4740	1
4760	0
4780	3
4800	0
4820	0
4840	0
4860	0
4880	1
4900	1
4920	3
4940	1
4960	0
4980	1
5000	1
5020	2
5040	0
5060	2
5080	2
5100	1
5120	1
5140	0
5160	1
5180	1
5200	0
5220	0
5240	0
5260	0
5280	2
5300	0
5320	0
5340	0
5360	1
5380	1
5400	1
5420	0
5440	2
5460	1
5480	0
5500	1
5520	2
5540	0
5560	1
5580	0
5600	0
5620	2
5640	0
5660	1
5680	1
5700	0
5720	0
5740	0
5760	0
5780	0
5800	1
5820	1
5840	2
5860	2
5880	0
5900	0
5920	0
5940	0
5960	2
5980	2
6000	1
6020	1
6040	2
6060	1
6080	0
6100	0
6120	2
6140	1
6160	0
6180	3
6200	3
6220	1
6240	0
6260	2
6280	0
6300	1
6320	1
6340	3
6360	1
6380	2
6400	1
6420	2
6440	0
6460	1
6480	0
6500	0
6520	1
6540	0
6560	2
6580	0
6600	1
6620	1
6640	1
6660	2
6680	2
6700	1
6720	2
6740	1
6760	1
6780	1
6800	2
6820	1
6840	0
6860	0
6880	0
6900	0
6920	1
6940	0
6960	1
6980	1
7000	2
7020	0
7040	1
7060	1
7080	0
7100	2
7120	0
7140	1
7160	0
7180	0
7200	0
7220	0
7240	2
7260	1
7280	4
7300	2
7320	0
7340	1
7360	0
7380	0
7400	0
7420	1
7440	1
7460	1
7480	0
7500	0
7520	1
7540	3
7560	1
7580	5
7600	5
7620	5
7640	1
7660	3
7680	1
7700	2
7720	2
7740	0
7760	1
7780	2
7800	3
7820	0
7840	3
7860	2
7880	0
7900	0
7920	1
7940	1
7960	0
7980	1
8000	1
8020	0
8040	1
8060	0
8080	1
8100	0
8120	1
8140	0
8160	1
8180	1
8200	0
8220	1
8240	0
8260	0
8280	2
8300	1
8320	1
8340	4
8360	0
8380	2
8400	0
8420	0
8440	2
8460	1
8480	2
8500	0
8520	3
8540	1
8560	2
8580	1
8600	2
8620	2
8640	1
8660	2
8680	0
8700	0
8720	5
8740	0
8760	1
8780	0
8800	1
8820	1
8840	1
8860	1
8880	1
8900	1
8920	1
8940	2
8960	1
8980	1
9000	2
9020	1
9040	0
9060	0
9080	1
9100	0
9120	1
9140	0
9160	1
9180	3
9200	1
9220	1
9240	3
9260	0
9280	2
9300	0
9320	0
9340	0
9360	1
9380	0
9400	1
9420	0
9440	0
9460	0
9480	0
9500	2
9520	0
9540	0
9560	0
9580	0
9600	0
9620	1
9640	0
9660	1
9680	1
9700	2
9720	1
9740	2
9760	1
9780	2
9800	0
9820	0
9840	0
9860	0
9880	0
9900	0
9920	0
9940	1
9960	1
9980	0
10000	0
10020	0
10040	1
10060	0
10080	1
10100	2
10120	0
10140	2
10160	0
10180	1
10200	0
10220	2
10240	0
10260	3
10280	0
10300	1
10320	0
10340	0
10360	0
10380	1
10400	0
10420	0
10440	1
10460	0
10480	1
10500	0
10520	0
10540	0
10560	0
10580	0
10600	1
10620	3
10640	2
10660	0
10680	0
10700	1
10720	0
10740	0
10760	0
10780	0
10800	0
10820	0
10840	2
10860	1
10880	2
10900	1
10920	0
10940	0
10960	0
10980	0
11000	2
11020	1
11040	0
11060	0
11080	2
11100	1
11120	6
11140	8
11160	7
11180	2
11200	3
11220	1
11240	0
11260	0
11280	0
11300	1
11320	1
11340	1
11360	0
11380	1
11400	0
11420	2
11440	0
11460	0
11480	1
11500	1
11520	1
11540	0
11560	1
11580	1
11600	5
11620	10
11640	8
11660	6
11680	2
11700	3
11720	2
11740	3
11760	3
11780	1
11800	1
11820	1
11840	3
11860	1
11880	0
11900	0
11920	0
11940	1
11960	0
11980	1
12000	0
12020	2
12040	1
12060	0
12080	0
12100	2
12120	1
12140	2
12160	0
12180	1
12200	1
12220	3
12240	2
12260	7
12280	18
12300	13
12320	11
12340	7
12360	9
12380	18
12400	85
12420	384
12440	1681
12460	5422
12480	9398
12500	7141
12520	3531
12540	1480
12560	606
12580	234
12600	132
12620	58
12640	51
12660	36
12680	18
12700	6
12720	9
12740	6
12760	2
12780	2
12800	1
12820	3
12840	4
12860	1
12880	0
12900	2
12920	6
12940	0
12960	1
12980	2
13000	5
13020	3
13040	1
13060	4
13080	4
13100	2
13120	2
13140	0
13160	3
13180	2
13200	2
13220	3
13240	2
13260	1
13280	2
13300	3
13320	2
13340	5
13360	1
13380	5
13400	2
13420	2
13440	0
13460	1
13480	1
13500	0
13520	0
13540	3
13560	1
13580	1
13600	1
13620	2
13640	3
13660	2
13680	2
13700	1
13720	1
13740	3
13760	0
13780	2
13800	1
13820	2
13840	0
13860	4
13880	2
13900	1
13920	2
13940	1
13960	0
13980	1
14000	1
14020	1
14040	1
14060	2
14080	1
14100	4
14120	4
14140	1
14160	3
14180	1
14200	1
14220	2
14240	2
14260	0
14280	3
14300	0
14320	1
14340	0
14360	1
14380	3
14400	0
14420	2
14440	1
14460	3
14480	2
14500	3
14520	1
14540	1
14560	0
14580	2
14600	1
14620	3
14640	4
14660	2
14680	1
14700	1
14720	1
14740	4
14760	1
14780	1
14800	0
14820	1
14840	3
14860	1
14880	2
14900	1
14920	0
14940	2
14960	2
14980	0
15000	1
15020	1
15040	3
15060	1
15080	2
15100	3
15120	0
15140	3
15160	0
15180	0
15200	0
15220	0
15240	2
15260	1
15280	1
15300	2
15320	2
15340	1
15360	0
15380	1
15400	1
15420	1
15440	3
15460	1
15480	0
15500	1
15520	1
15540	1
15560	1
15580	0
15600	3
15620	2
15640	3
15660	1
15680	1
15700	5
15720	4
15740	7
15760	11
15780	7
15800	14
15820	4
15840	4
15860	5
15880	1
15900	3
15920	1
15940	2
15960	1
15980	0
16000	1
16020	3
16040	1
16060	2
16080	1
16100	0
16120	3
16140	1
16160	0
16180	1
16200	1
16220	2
16240	1
16260	1
16280	0
16300	2
16320	0
16340	0
16360	4
16380	0
16400	1
16420	2
16440	2
16460	0
16480	5
16500	8
16520	5
16540	1
16560	6
16580	2
16600	2
16620	1
16640	1
16660	0
16680	4
16700	1
16720	2
16740	1
16760	1
16780	0
16800	0
16820	1
16840	3
16860	0
16880	0
16900	2
16920	1
16940	0
16960	1
16980	2
17000	2
17020	2
17040	1
17060	2
17080	0
17100	1
17120	2
17140	2
17160	0
17180	1
17200	1
17220	0
17240	0
17260	0
17280	0
17300	0
17320	0
17340	1
17360	1
17380	2
17400	5
17420	2
17440	1
17460	0
17480	2
17500	1
17520	0
17540	0
17560	0
17580	1
17600	1
17620	1
17640	2
17660	0
17680	0
17700	0
17720	1
17740	2
17760	0
17780	0
17800	0
17820	0
17840	2
17860	1
17880	1
17900	0
17920	2
17940	1
17960	3
17980	0
18000	1
18020	1
18040	0
18060	0
18080	1
18100	3
18120	0
18140	2
18160	0
18180	1
18200	2
18220	0
18240	0
18260	3
18280	2
18300	1
18320	1
18340	1
18360	1
18380	1
18400	3
18420	0
18440	2
18460	1
18480	1
18500	0
18520	1
18540	0
18560	3
18580	1
18600	1
18620	3
18640	2
18660	1
18680	2
18700	2
18720	1
18740	0
18760	2
18780	2
18800	2
18820	0
18840	2
18860	1
18880	1
18900	2
18920	2
18940	2
18960	0
18980	1
19000	1
19020	1
19040	1
19060	1
19080	2
19100	0
19120	2
19140	0
19160	0
19180	1
19200	0
19220	1
19240	0
19260	4
19280	0
19300	1
19320	1
19340	0
19360	1
19380	3
19400	2
19420	1
19440	1
19460	1
19480	2
19500	2
19520	1
19540	1
19560	0
19580	0
19600	1
19620	1
19640	1
19660	0
19680	0
19700	0
19720	0
19740	1
19760	0
19780	1
19800	1
19820	2
19840	1
19860	1
19880	1
19900	1
19920	0
19940	0
19960	3
19980	0
