"Time differences (ps)"	"Counts per bin"
-20000	3
-19980	1
-19960	6
-19940	3
-19920	2
-19900	4
-19880	3
-19860	5
-19840	3
-19820	2
-19800	3
-19780	6
-19760	4
-19740	3
-19720	1
-19700	2
-19680	1
-19660	4
-19640	3
-19620	3
-19600	1
-19580	2
-19560	5
-19540	2
-19520	8
-19500	1
-19480	1
-19460	0
-19440	1
-19420	2
-19400	0
-19380	1
-19360	2
-19340	1
-19320	1
-19300	2
-19280	3
-19260	2
-19240	4
-19220	5
-19200	4
-19180	2
-19160	4
-19140	1
-19120	5
-19100	1
-19080	2
-19060	2
-19040	0
-19020	1
-19000	3
-18980	3
-18960	0
-18940	4
-18920	2
-18900	8
-18880	0
-18860	3
-18840	1
-18820	4
-18800	5
-18780	5
-18760	2
-18740	4
-18720	1
-18700	1
-18680	0
-18660	1
-18640	4
-18620	2
-18600	0
-18580	3
-18560	5
-18540	2
-18520	3
-18500	2
-18480	3
-18460	1
-18440	3
-18420	2
-18400	0
-18380	3
-18360	2
-18340	1
-18320	5
-18300	3
-18280	4
-18260	4
-18240	2
-18220	4
-18200	2
-18180	6
-18160	4
-18140	3
-18120	3
-18100	1
-18080	1
-18060	4
-18040	2
-18020	4
-18000	1
-17980	3
-17960	0
-17940	1
-17920	1
-17900	3
-17880	4
-17860	5
-17840	3
-17820	2
-17800	4
-17780	5
-17760	2
-17740	2
-17720	1
-17700	5
-17680	5
-17660	5
-17640	4
-17620	3
-17600	2
-17580	3
-17560	3
-17540	1
-17520	1
-17500	5
-17480	6
-17460	5
-17440	3
-17420	2
-17400	2
-17380	8
-17360	8
-17340	6
-17320	5
-17300	7
-17280	5
-17260	0
-17240	4
-17220	6
-17200	0
-17180	2
-17160	4
-17140	4
-17120	3
-17100	1
-17080	0
-17060	5
-17040	1
-17020	3
-17000	1
-16980	1
-16960	2
-16940	3
-16920	1
-16900	0
-16880	4
-16860	6
-16840	2
-16820	3
-16800	2
-16780	2
-16760	1
-16740	2
-16720	3
-16700	0
-16680	6
-16660	2
-16640	1
-16620	4
-16600	2
-16580	2
-16560	0
-16540	1
-16520	5
-16500	8
-16480	8
-16460	6
-16440	2
-16420	3
-16400	1
-16380	0
-16360	3
-16340	4
-16320	4
-16300	0
-16280	3
-16260	2
-16240	5
-16220	1
-16200	1
-16180	1
-16160	5
-16140	1
-16120	5
-16100	1
-16080	5
-16060	2
-16040	2
-16020	1
-16000	3
-15980	5
-15960	2
-15940	2
-15920	4
-15900	5
-15880	2
-15860	1
-15840	1
-15820	2
-15800	5
-15780	4
-15760	3
-15740	4
-15720	1
-15700	0
-15680	4
-15660	2
-15640	4
-15620	1
-15600	3
-15580	0
-15560	3
-15540	2
-15520	7
-15500	3
-15480	4
-15460	4
-15440	1
-15420	2
-15400	4
-15380	3
-15360	4
-15340	3
-15320	3
-15300	1
-15280	0
-15260	6
-15240	3
-15220	2
-15200	1
-15180	4
-15160	4
-15140	4
-15120	0
-15100	1
-15080	1
-15060	1
-15040	1
-15020	0
-15000	3
-14980	5
-14960	0
-14940	3
-14920	1
-14900	1
-14880	2
-14860	1
-14840	1
-14820	1
-14800	1
-14780	0
-14760	5
-14740	8
-14720	0
-14700	2
-14680	3
-14660	3
-14640	2
-14620	3
-14600	3
-14580	1
-14560	3
-14540	2
-14520	2
-14500	4
-14480	3
-14460	2
-14440	4
-14420	3
-14400	2
-14380	3
-14360	5
-14340	3
-14320	5
-14300	2
-14280	0
-14260	2
-14240	1
-14220	0
-14200	2
-14180	2
-14160	1
-14140	4
-14120	3
-14100	2
-14080	1
-14060	0
-14040	0
-14020	2
-14000	2
-13980	2
-13960	2
-13940	3
-13920	1
-13900	5
-13880	3
-13860	4
-13840	4
-13820	7
-13800	6
-13780	5
-13760	3
-13740	2
-13720	3
-13700	3
-13680	3
-13660	3
-13640	2
-13620	2
-13600	6
-13580	2
-13560	2
-13540	2
-13520	0
-13500	1
-13480	5
-13460	2
-13440	1
-13420	4
-13400	1
-13380	3
-13360	12
-13340	10
-13320	9
-13300	12
-13280	3
-13260	5
-13240	3
-13220	2
-13200	2
-13180	2
-13160	2
-13140	2
-13120	3
-13100	3
-13080	3
-13060	1
-13040	2
-13020	2
-13000	2
-12980	1
-12960	2
-12940	5
-12920	5
-12900	4
-12880	3
-12860	4
-12840	6
-12820	5
-12800	1
-12780	2
-12760	2
-12740	4
-12720	7
-12700	13
-12680	15
-12660	9
-12640	5
-12620	18
-12600	28
-12580	66
-12560	177
-12540	845
-12520	3246
-12500	8201
-12480	9392
-12460	5737
-12440	2548
-12420	1047
-12400	433
-12380	176
-12360	97
-12340	61
-12320	42
-12300	40
-12280	23
-12260	10
-12240	9
-12220	6
-12200	10
-12180	1
-12160	5
-12140	4
-12120	1
-12100	4
-12080	4
-12060	8
-12040	4
-12020	6
-12000	8
-11980	8
-11960	1
-11940	6
-11920	2
-11900	3
-11880	5
-11860	4
-11840	7
-11820	1
-11800	2
-11780	7
-11760	1
-11740	2
-11720	6
-11700	4
-11680	7
-11660	2
-11640	3
-11620	10
-11600	4
-11580	2
-11560	3
-11540	4
-11520	4
-11500	3
-11480	3
-11460	4
-11440	2
-11420	4
-11400	5
-11380	4
-11360	3
-11340	2
-11320	1
-11300	4
-11280	5
-11260	2
-11240	2
-11220	5
-11200	3
-11180	2
-11160	0
-11140	8
-11120	4
-11100	5
-11080	5
-11060	1
-11040	2
-11020	3
-11000	1
-10980	5
-10960	3
-10940	5
-10920	7
-10900	0
-10880	3
-10860	4
-10840	6
-10820	7
-10800	2
-10780	4
-10760	3
-10740	3
-10720	5
-10700	2
-10680	2
-10660	3
-10640	1
-10620	7
-10600	1
-10580	3
-10560	1
-10540	5
-10520	5
-10500	3
-10480	5
-10460	3
-10440	3
-10420	5
-10400	2
-10380	1
-10360	5
-10340	4
-10320	3
-10300	6
-10280	2
-10260	5
-10240	3
-10220	3
-10200	7
-10180	1
-10160	1
-10140	6
-10120	4
-10100	3
-10080	2
-10060	2
-10040	3
-10020	6
-10000	4
-9980	2
-9960	0
-9940	3
-9920	0
-9900	8
-9880	4
-9860	3
-9840	5
-9820	2
-9800	2
-9780	2
-9760	4
-9740	2
-9720	2
-9700	2
-9680	2
-9660	3
-9640	2
-9620	4
-9600	3
-9580	4
-9560	2
-9540	4
-9520	2
-9500	4
-9480	2
-9460	4
-9440	4
-9420	3
-9400	4
-9380	0
-9360	8
-9340	2
-9320	5
-9300	3
-9280	6
-9260	4
-9240	1
-9220	8
-9200	14
-9180	10
-9160	8
-9140	6
-9120	6
-9100	3
-9080	5
-9060	4
-9040	3
-9020	1
-9000	0
-8980	2
-8960	4
-8940	1
-8920	2
-8900	2
-8880	2
-8860	3
-8840	4
-8820	6
-8800	1
-8780	3
-8760	6
-8740	0
-8720	4
-8700	8
-8680	3
-8660	2
-8640	5
-8620	3
-8600	3
-8580	4
-8560	2
-8540	3
-8520	5
-8500	5
-8480	8
-8460	6
-8440	3
-8420	3
-8400	3
-8380	2
-8360	2
-8340	2
-8320	0
-8300	2
-8280	5
-8260	1
-8240	3
-8220	0
-8200	5
-8180	3
-8160	5
-8140	4
-8120	6
-8100	5
-8080	1
-8060	3
-8040	2
-8020	6
-8000	1
-7980	0
-7960	2
-7940	3
-7920	6
-7900	2
-7880	5
-7860	3
-7840	3
-7820	3
-7800	4
-7780	1
-7760	4
-7740	3
-7720	1
-7700	4
-7680	5
-7660	1
-7640	4
-7620	2
-7600	3
-7580	2
-7560	5
-7540	4
-7520	3
-7500	2
-7480	1
-7460	2
-7440	3
-7420	0
-7400	5
-7380	5
-7360	4
-7340	4
-7320	3
-7300	1
-7280	3
-7260	2
-7240	2
-7220	3
-7200	1
-7180	3
-7160	4
-7140	5
-7120	2
-7100	4
-7080	2
-7060	1
-7040	4
-7020	1
-7000	1
-6980	1
-6960	4
-6940	2
-6920	1
-6900	6
-6880	2
-6860	2
-6840	2
-6820	4
-6800	1
-6780	1
-6760	3
-6740	6
-6720	2
-6700	4
-6680	0
-6660	1
-6640	5
-6620	2
-6600	3
-6580	2
-6560	2
-6540	2
-6520	2
-6500	4
-6480	2
-6460	0
-6440	4
-6420	4
-6400	1
-6380	3
-6360	1
-6340	2
-6320	4
-6300	7
-6280	2
-6260	4
-6240	3
-6220	5
-6200	5
-6180	1
-6160	2
-6140	0
-6120	3
-6100	5
-6080	5
-6060	6
-6040	5
-6020	4
-6000	1
-5980	3
-5960	3
-5940	2
-5920	2
-5900	2
-5880	3
-5860	1
-5840	2
-5820	2
-5800	3
-5780	2
-5760	1
-5740	0
-5720	3
-5700	0
-5680	0
-5660	2
-5640	4
-5620	4
-5600	3
-5580	2
-5560	2
-5540	1
-5520	4
-5500	2
-5480	2
-5460	2
-5440	2
-5420	2
-5400	0
-5380	4
-5360	4
-5340	3
-5320	2
-5300	2
-5280	6
-5260	3
-5240	6
-5220	7
-5200	1
-5180	1
-5160	5
-5140	0
-5120	2
-5100	1
-5080	2
-5060	1
-5040	4
-5020	3
-5000	1
-4980	4
-4960	3
-4940	1
-4920	3
-4900	4
-4880	4
-4860	6
-4840	2
-4820	4
-4800	6
-4780	0
-4760	3
-4740	5
-4720	3
-4700	5
-4680	2
-4660	3
-4640	2
-4620	1
-4600	2
-4580	2
-4560	5
-4540	4
-4520	3
-4500	0
-4480	1
-4460	1
-4440	3
-4420	3
-4400	2
-4380	3
-4360	3
-4340	2
-4320	4
-4300	2
-4280	1
-4260	0
-4240	2
-4220	0
-4200	2
-4180	4
-4160	1
-4140	2
-4120	5
-4100	1
-4080	5
-4060	5
-4040	5
-4020	5
-4000	1
-3980	2
-3960	2
-3940	4
-3920	3
-3900	2
-3880	0
-3860	0
-3840	2
-3820	2
-3800	3
-3780	1
-3760	3
-3740	3
-3720	2
-3700	1
-3680	10
-3660	2
-3640	1
-3620	4
-3600	1
-3580	7
-3560	2
-3540	1
-3520	4
-3500	0
-3480	2
-3460	4
-3440	3
-3420	5
-3400	3
-3380	1
-3360	3
-3340	1
-3320	1
-3300	1
-3280	1
-3260	8
-3240	4
-3220	3
-3200	2
-3180	1
-3160	2
-3140	3
-3120	1
-3100	4
-3080	4
-3060	3
-3040	1
-3020	2
-3000	2
-2980	2
-2960	3
-2940	3
-2920	2
-2900	0
-2880	5
-2860	2
-2840	4
-2820	2
-2800	5
-2780	3
-2760	4
-2740	1
-2720	1
-2700	5
-2680	0
-2660	4
-2640	1
-2620	4
-2600	2
-2580	5
-2560	6
-2540	4
-2520	1
-2500	2
-2480	1
-2460	5
-2440	3
-2420	1
-2400	4
-2380	2
-2360	5
-2340	3
-2320	7
-2300	4
-2280	2
-2260	2
-2240	2
-2220	3
-2200	1
-2180	4
-2160	0
-2140	3
-2120	3
-2100	1
-2080	6
-2060	3
-2040	5
-2020	4
-2000	2
-1980	2
-1960	1
-1940	3
-1920	2
-1900	3
-1880	4
-1860	1
-1840	4
-1820	0
-1800	2
-1780	2
-1760	3
-1740	1
-1720	3
-1700	3
-1680	2
-1660	3
-1640	3
-1620	2
-1600	4
-1580	2
-1560	0
-1540	1
-1520	3
-1500	2
-1480	2
-1460	5
-1440	4
-1420	0
-1400	4
-1380	5
-1360	4
-1340	8
-1320	8
-1300	7
-1280	6
-1260	5
-1240	1
-1220	1
-1200	4
-1180	3
-1160	3
-1140	1
-1120	3
-1100	4
-1080	5
-1060	2
-1040	5
-1020	1
-1000	3
-980	2
-960	3
-940	2
-920	4
-900	5
-880	6
-860	6
-840	10
-820	15
-800	3
-780	8
-760	6
-740	0
-720	2
-700	1
-680	4
-660	0
-640	3
-620	3
-600	5
-580	2
-560	2
-540	1
-520	4
-500	8
-480	2
-460	4
-440	3
-420	4
-400	5
-380	0
-360	3
-340	2
-320	5
-300	3
-280	4
-260	4
-240	9
-220	10
-200	10
-180	11
-160	7
-140	6
-120	4
-100	8
-80	28
-60	160
-40	1089
-20	5774
0	10154
20	6174
40	2658
60	1072
80	481
100	193
120	89
140	55
160	44
180	35
200	22
220	10
240	5
260	5
280	7
300	1
320	1
340	1
360	1
380	3
400	1
420	3
440	4
460	4
480	3
500	2
520	1
540	1
560	5
580	1
600	1
620	4
640	2
660	1
680	1
700	2
720	2
740	0
760	1
780	0
800	4
820	2
840	3
860	1
880	4
900	4
920	1
940	3
960	0
980	1
1000	0
1020	2
1040	2
1060	5
1080	0
1100	3
1120	2
1140	3
1160	0
1180	0
1200	4
1220	4
1240	2
1260	3
1280	4
1300	2
1320	0
1340	0
1360	1
1380	1
1400	0
1420	3
1440	0
1460	2
1480	1
1500	2
1520	2
1540	2
1560	4
1580	1
1600	2
1620	2
1640	3
1660	0
1680	2
1700	1
1720	1
1740	2
1760	1
1780	1
1800	2
1820	3
1840	2
1860	2
1880	2
1900	2
1920	0
1940	1
1960	1
1980	0
2000	4
2020	0
2040	1
2060	2
2080	1
2100	0
2120	5
2140	2
2160	1
2180	0
2200	3
2220	1
2240	0
2260	3
2280	0
2300	4
2320	0
2340	2
2360	5
2380	2
2400	1
2420	0
2440	1
2460	1
2480	3
2500	1
2520	0
2540	0
2560	1
2580	1
2600	4
2620	2
2640	3
2660	0
2680	2
2700	2
2720	0
2740	0
2760	2
2780	1
2800	1
2820	1
2840	1
2860	1
2880	2
2900	2
2920	2
2940	2
2960	5
2980	0
3000	2
3020	0
3040	1
3060	0
3080	0
3100	1
3120	2
3140	0
3160	1
3180	0
3200	2
3220	1
3240	4
3260	8
3280	12
3300	10
3320	4
3340	5
3360	1
3380	5
3400	5
3420	4
3440	3
3460	4
3480	0
3500	2
3520	2
3540	0
3560	0
3580	1
3600	2
3620	0
3640	2
3660	0
3680	0
3700	2
3720	0
3740	2
3760	1
3780	1
3800	1
3820	0
3840	2
3860	1
3880	1
3900	0
3920	3
3940	0
3960	1
3980	0
4000	3
4020	8
4040	7
4060	1
4080	1
4100	2
4120	0
4140	0
4160	0
4180	3
4200	1
4220	1
4240	1
4260	1
4280	2
4300	2
4320	0
4340	1
4360	2
4380	0
4400	0
4420	0
4440	2
4460	1
4480	1
4500	1
4520	0
4540	0
4560	1
4580	2
4600	4
4620	0
4640	1
4660	1
4680	2
4700	1
4720	0
4740	1
4760	2
4780	3
4800	1
4820	1
4840	3
4860	1
4880	2
4900	1
4920	0
4940	2
4960	3
4980	0
5000	0
5020	0
5040	1
5060	1
5080	0
5100	3
5120	0
5140	1
5160	1
5180	0
5200	1
5220	2
5240	3
5260	3
5280	1
5300	3
5320	1
5340	0
5360	2
5380	2
5400	1
5420	1
5440	0
5460	0
5480	1
5500	1
5520	0
5540	1
5560	2
5580	0
5600	2
5620	1
5640	0
5660	1
5680	2
5700	0
5720	1
5740	2
5760	1
5780	0
5800	0
5820	1
5840	0
5860	3
5880	1
5900	0
5920	0
5940	0
5960	0
5980	0
6000	0
6020	2
6040	0
6060	1
6080	1
6100	0
6120	0
6140	0
6160	2
6180	1
6200	1
6220	2
6240	1
6260	1
6280	2
6300	2
6320	1
6340	0
6360	0
6380	0
6400	0
6420	2
6440	0
6460	2
6480	3
6500	1
6520	0
6540	1
6560	2
6580	2
6600	3
6620	2
6640	2
6660	1
6680	2
6700	0
6720	1
6740	0
6760	0
6780	3
6800	0
6820	0
6840	0
6860	2
6880	0
6900	2
6920	0
6940	1
6960	1
6980	2
7000	2
7020	0
7040	0
7060	2
7080	1
7100	3
7120	2
7140	2
7160	0
7180	0
7200	2
7220	0
7240	0
7260	2
7280	0
7300	3
7320	0
7340	1
7360	1
7380	3
7400	1
7420	2
7440	1
7460	0
7480	1
7500	0
7520	0
7540	2
7560	2
7580	0
7600	4
7620	3
7640	7
7660	5
7680	3
7700	0
7720	4
7740	0
7760	1
7780	1
7800	0
7820	0
7840	0
7860	0
7880	3
7900	1
7920	2
7940	1
7960	0
7980	0
8000	0
8020	0
8040	1
8060	0
8080	2
8100	1
8120	1
8140	0
8160	1
8180	0
8200	0
8220	0
8240	3
8260	0
8280	0
8300	1
8320	1
8340	1
8360	0
8380	0
8400	2
8420	5
8440	4
8460	4
8480	6
8500	5
8520	2
8540	1
8560	1
8580	0
8600	1
8620	0
8640	1
8660	1
8680	1
8700	0
8720	0
8740	0
8760	0
8780	1
8800	0
8820	0
8840	0
8860	1
8880	0
8900	0
8920	0
8940	1
8960	0
8980	1
9000	1
9020	0
9040	0
9060	0
9080	1
9100	0
9120	0
9140	1
9160	0
9180	0
9200	0
9220	1
9240	1
9260	0
9280	1
9300	0
9320	0
9340	0
9360	0
9380	1
9400	0
9420	0
9440	4
9460	1
9480	1
9500	0
9520	1
9540	1
9560	2
9580	2
9600	4
9620	3
9640	0
9660	2
9680	0
9700	2
9720	1
9740	1
9760	1
9780	0
9800	1
9820	1
9840	0
9860	3
9880	0
9900	1
9920	0
9940	2
9960	1
9980	0
10000	1
10020	0
10040	0
10060	0
10080	0
10100	1
10120	0
10140	1
10160	1
10180	0
10200	1
10220	0
10240	0
10260	1
10280	0
10300	0
10320	2
10340	1
10360	1
10380	1
10400	1
10420	1
10440	0
10460	3
10480	0
10500	1
10520	1
10540	0
10560	2
10580	0
10600	0
10620	1
10640	0
10660	1
10680	1
10700	1
10720	1
10740	1
10760	0
10780	0
10800	0
10820	0
10840	1
10860	2
10880	2
10900	1
10920	4
10940	1
10960	0
10980	0
11000	0
11020	2
11040	0
11060	0
11080	1
11100	0
11120	3
11140	2
11160	5
11180	3
11200	1
11220	1
11240	2
11260	2
11280	0
11300	1
11320	1
11340	0
11360	2
11380	1
11400	1
11420	0
11440	1
11460	0
11480	0
11500	1
11520	0
11540	1
11560	0
11580	3
11600	0
11620	2
11640	2
11660	3
11680	5
11700	3
11720	2
11740	0
11760	2
11780	0
11800	1
11820	0
11840	1
11860	0
11880	0
11900	1
11920	0
11940	3
11960	1
11980	1
12000	2
12020	1
12040	1
12060	0
12080	0
12100	0
12120	1
12140	2
12160	0
12180	1
12200	3
12220	3
12240	4
12260	10
12280	13
12300	9
12320	8
12340	12
12360	10
12380	22
12400	96
12420	430
12440	1750
12460	5736
12480	9602
12500	7687
12520	3837
12540	1613
12560	675
12580	293
12600	142
12620	93
12640	52
12660	43
12680	17
12700	13
12720	6
12740	3
12760	5
12780	9
12800	3
12820	6
12840	2
12860	4
12880	1
12900	1
12920	2
12940	4
12960	3
12980	3
13000	3
13020	3
13040	1
13060	2
13080	1
13100	1
13120	2
13140	3
13160	3
13180	0
13200	0
13220	0
13240	1
13260	1
13280	4
13300	3
13320	3
13340	0
13360	5
13380	1
13400	3
13420	2
13440	1
13460	2
13480	1
13500	4
13520	2
13540	2
13560	2
13580	1
13600	1
13620	3
13640	1
13660	3
13680	4
13700	1
13720	2
13740	2
13760	4
13780	2
13800	0
13820	0
13840	2
13860	3
13880	2
13900	1
13920	0
13940	1
13960	1
13980	2
14000	3
14020	4
14040	0
14060	4
14080	3
14100	1
14120	2
14140	4
14160	1
14180	4
14200	1
14220	3
14240	0
14260	3
14280	3
14300	3
14320	3
14340	0
14360	2
14380	0
14400	0
14420	1
14440	0
14460	1
14480	5
14500	1
14520	0
14540	4
14560	1
14580	0
14600	1
14620	1
14640	4
14660	2
14680	1
14700	1
14720	0
14740	1
14760	1
14780	1
14800	0
14820	0
14840	1
14860	3
14880	0
14900	3
14920	1
14940	1
14960	0
14980	3
15000	4
15020	2
15040	2
15060	2
15080	2
15100	2
15120	2
15140	0
15160	1
15180	1
15200	0
15220	1
15240	3
15260	0
15280	1
15300	1
15320	2
15340	1
15360	1
15380	1
15400	1
15420	1
15440	2
15460	1
15480	3
15500	2
15520	3
15540	3
15560	1
15580	0
15600	1
15620	1
15640	1
15660	0
15680	1
15700	2
15720	3
15740	7
15760	16
15780	14
15800	7
15820	5
15840	1
15860	4
15880	2
15900	2
15920	1
15940	1
15960	1
15980	3
16000	2
16020	3
16040	1
16060	2
16080	3
16100	1
16120	1
16140	2
16160	1
16180	2
16200	0
16220	1
16240	1
16260	0
16280	1
16300	2
16320	1
16340	3
16360	3
16380	2
16400	2
16420	0
16440	2
16460	1
16480	4
16500	7
16520	9
16540	2
16560	3
16580	0
16600	0
16620	5
16640	0
16660	0
16680	0
16700	3
16720	2
16740	0
16760	2
16780	1
16800	2
16820	2
16840	1
16860	1
16880	1
16900	1
16920	0
16940	2
16960	3
16980	2
17000	2
17020	1
17040	0
17060	1
17080	3
17100	2
17120	2
17140	0
17160	3
17180	2
17200	0
17220	0
17240	2
17260	2
17280	3
17300	3
17320	0
17340	2
17360	1
17380	1
17400	1
17420	1
17440	1
17460	3
17480	1
17500	1
17520	0
17540	1
17560	0
17580	1
17600	5
17620	2
17640	0
17660	4
17680	0
17700	2
17720	2
17740	2
17760	3
17780	2
17800	1
17820	4
17840	4
17860	1
17880	2
17900	2
17920	3
17940	0
17960	0
17980	2
18000	1
18020	0
18040	2
18060	3
18080	0
18100	1
18120	3
18140	1
18160	0
18180	1
18200	1
18220	1
18240	1
18260	1
18280	1
18300	1
18320	1
18340	1
18360	0
18380	3
18400	3
18420	0
18440	2
18460	1
18480	2
18500	1
18520	1
18540	0
18560	0
18580	1
18600	0
18620	1
18640	2
18660	1
18680	3
18700	1
18720	0
18740	2
18760	1
18780	1
18800	0
18820	0
18840	2
18860	1
18880	1
18900	0
18920	2
18940	3
18960	1
18980	1
19000	1
19020	2
19040	1
19060	5
19080	0
19100	2
19120	0
19140	1
19160	1
19180	0
19200	1
19220	2
19240	0
19260	1
19280	1
19300	1
19320	1
19340	0
19360	0
19380	0
19400	4
19420	2
19440	1
19460	0
19480	1
19500	1
19520	4
19540	1
19560	2
19580	2
19600	2
19620	0
19640	0
19660	1
19680	1
19700	2
19720	1
19740	2
19760	2
19780	1
19800	1
19820	1
19840	1
19860	1
19880	1
19900	2
19920	3
19940	1
19960	0
19980	0
