"Time differences (ps)"	"Counts per bin"
-20000	4
-19980	2
-19960	5
-19940	4
-19920	1
-19900	1
-19880	4
-19860	3
-19840	1
-19820	3
-19800	0
-19780	2
-19760	0
-19740	0
-19720	2
-19700	1
-19680	2
-19660	5
-19640	6
-19620	3
-19600	4
-19580	2
-19560	4
-19540	1
-19520	6
-19500	5
-19480	4
-19460	2
-19440	3
-19420	3
-19400	2
-19380	2
-19360	3
-19340	1
-19320	3
-19300	2
-19280	7
-19260	1
-19240	3
-19220	1
-19200	1
-19180	2
-19160	4
-19140	3
-19120	6
-19100	1
-19080	4
-19060	0
-19040	4
-19020	3
-19000	4
-18980	3
-18960	1
-18940	2
-18920	3
-18900	2
-18880	2
-18860	3
-18840	2
-18820	3
-18800	4
-18780	1
-18760	5
-18740	1
-18720	2
-18700	2
-18680	3
-18660	1
-18640	4
-18620	4
-18600	2
-18580	3
-18560	1
-18540	0
-18520	1
-18500	1
-18480	1
-18460	2
-18440	2
-18420	2
-18400	5
-18380	1
-18360	4
-18340	3
-18320	1
-18300	1
-18280	3
-18260	3
-18240	2
-18220	2
-18200	2
-18180	2
-18160	3
-18140	4
-18120	3
-18100	3
-18080	0
-18060	0
-18040	3
-18020	2
-18000	0
-17980	3
-17960	3
-17940	1
-17920	2
-17900	2
-17880	1
-17860	3
-17840	0
-17820	2
-17800	1
-17780	2
-17760	1
-17740	1
-17720	3
-17700	4
-17680	3
-17660	0
-17640	2
-17620	2
-17600	3
-17580	3
-17560	3
-17540	0
-17520	3
-17500	4
-17480	2
-17460	4
-17440	2
-17420	3
-17400	1
-17380	4
-17360	1
-17340	4
-17320	7
-17300	1
-17280	2
-17260	6
-17240	0
-17220	3
-17200	2
-17180	0
-17160	3
-17140	3
-17120	2
-17100	3
-17080	0
-17060	1
-17040	2
-17020	2
-17000	2
-16980	2
-16960	1
-16940	3
-16920	4
-16900	4
-16880	3
-16860	4
-16840	5
-16820	3
-16800	2
-16780	4
-16760	2
-16740	0
-16720	3
-16700	1
-16680	2
-16660	1
-16640	4
-16620	4
-16600	6
-16580	0
-16560	2
-16540	1
-16520	3
-16500	15
-16480	4
-16460	1
-16440	3
-16420	4
-16400	3
-16380	1
-16360	3
-16340	3
-16320	1
-16300	5
-16280	2
-16260	0
-16240	1
-16220	3
-16200	1
-16180	1
-16160	3
-16140	1
-16120	2
-16100	2
-16080	3
-16060	4
-16040	1
-16020	6
-16000	1
-15980	3
-15960	2
-15940	1
-15920	2
-15900	3
-15880	2
-15860	4
-15840	4
-15820	5
-15800	3
-15780	1
-15760	2
-15740	5
-15720	2
-15700	1
-15680	3
-15660	5
-15640	3
-15620	1
-15600	0
-15580	2
-15560	1
-15540	1
-15520	5
-15500	3
-15480	2
-15460	2
-15440	4
-15420	1
-15400	0
-15380	1
-15360	3
-15340	1
-15320	1
-15300	3
-15280	2
-15260	1
-15240	5
-15220	3
-15200	1
-15180	3
-15160	2
-15140	3
-15120	2
-15100	1
-15080	1
-15060	1
-15040	2
-15020	2
-15000	1
-14980	2
-14960	1
-14940	5
-14920	1
-14900	5
-14880	2
-14860	1
-14840	1
-14820	3
-14800	4
-14780	2
-14760	1
-14740	1
-14720	1
-14700	2
-14680	2
-14660	4
-14640	1
-14620	2
-14600	1
-14580	2
-14560	4
-14540	3
-14520	2
-14500	2
-14480	0
-14460	3
-14440	3
-14420	6
-14400	2
-14380	2
-14360	2
-14340	2
-14320	5
-14300	2
-14280	2
-14260	2
-14240	1
-14220	4
-14200	1
-14180	0
-14160	4
-14140	2
-14120	2
-14100	4
-14080	2
-14060	1
-14040	1
-14020	2
-14000	5
-13980	1
-13960	1
-13940	1
-13920	2
-13900	3
-13880	3
-13860	3
-13840	5
-13820	9
-13800	9
-13780	4
-13760	0
-13740	4
-13720	0
-13700	3
-13680	3
-13660	5
-13640	1
-13620	4
-13600	1
-13580	4
-13560	3
-13540	1
-13520	3
-13500	2
-13480	2
-13460	3
-13440	1
-13420	2
-13400	3
-13380	7
-13360	5
-13340	9
-13320	14
-13300	10
-13280	2
-13260	5
-13240	4
-13220	2
-13200	2
-13180	1
-13160	3
-13140	3
-13120	3
-13100	0
-13080	2
-13060	1
-13040	2
-13020	1
-13000	3
-12980	2
-12960	2
-12940	1
-12920	4
-12900	3
-12880	1
-12860	2
-12840	2
-12820	1
-12800	2
-12780	1
-12760	1
-12740	8
-12720	8
-12700	13
-12680	13
-12660	13
-12640	11
-12620	9
-12600	18
-12580	41
-12560	203
-12540	755
-12520	3013
-12500	7440
-12480	8565
-12460	5058
-12440	2241
-12420	882
-12400	363
-12380	141
-12360	79
-12340	65
-12320	61
-12300	43
-12280	23
-12260	13
-12240	17
-12220	10
-12200	4
-12180	3
-12160	5
-12140	5
-12120	3
-12100	5
-12080	7
-12060	4
-12040	3
-12020	5
-12000	3
-11980	2
-11960	1
-11940	2
-11920	4
-11900	4
-11880	6
-11860	2
-11840	5
-11820	4
-11800	4
-11780	2
-11760	3
-11740	3
-11720	3
-11700	4
-11680	3
-11660	4
-11640	1
-11620	8
-11600	7
-11580	7
-11560	3
-11540	7
-11520	6
-11500	4
-11480	2
-11460	9
-11440	4
-11420	2
-11400	8
-11380	3
-11360	9
-11340	0
-11320	2
-11300	4
-11280	0
-11260	2
-11240	2
-11220	3
-11200	3
-11180	3
-11160	4
-11140	3
-11120	2
-11100	2
-11080	3
-11060	1
-11040	4
-11020	8
-11000	4
-10980	2
-10960	0
-10940	4
-10920	2
-10900	7
-10880	3
-10860	3
-10840	3
-10820	4
-10800	0
-10780	6
-10760	3
-10740	2
-10720	3
-10700	4
-10680	7
-10660	2
-10640	5
-10620	1
-10600	3
-10580	2
-10560	0
-10540	4
-10520	4
-10500	3
-10480	0
-10460	2
-10440	10
-10420	2
-10400	5
-10380	4
-10360	4
-10340	2
-10320	3
-10300	3
-10280	4
-10260	0
-10240	1
-10220	1
-10200	2
-10180	0
-10160	6
-10140	4
-10120	5
-10100	2
-10080	3
-10060	4
-10040	7
-10020	4
-10000	0
-9980	1
-9960	2
-9940	6
-9920	0
-9900	3
-9880	0
-9860	1
-9840	4
-9820	4
-9800	4
-9780	6
-9760	2
-9740	0
-9720	3
-9700	1
-9680	3
-9660	2
-9640	3
-9620	1
-9600	0
-9580	0
-9560	3
-9540	5
-9520	3
-9500	5
-9480	1
-9460	5
-9440	0
-9420	5
-9400	2
-9380	2
-9360	3
-9340	7
-9320	3
-9300	2
-9280	2
-9260	4
-9240	4
-9220	5
-9200	13
-9180	11
-9160	8
-9140	7
-9120	2
-9100	2
-9080	4
-9060	8
-9040	1
-9020	3
-9000	4
-8980	3
-8960	5
-8940	2
-8920	3
-8900	2
-8880	3
-8860	1
-8840	6
-8820	4
-8800	1
-8780	4
-8760	3
-8740	4
-8720	2
-8700	3
-8680	4
-8660	2
-8640	2
-8620	3
-8600	2
-8580	2
-8560	6
-8540	1
-8520	2
-8500	3
-8480	10
-8460	3
-8440	10
-8420	3
-8400	2
-8380	1
-8360	2
-8340	7
-8320	1
-8300	2
-8280	2
-8260	6
-8240	2
-8220	2
-8200	2
-8180	1
-8160	2
-8140	2
-8120	0
-8100	1
-8080	4
-8060	1
-8040	1
-8020	5
-8000	1
-7980	2
-7960	3
-7940	3
-7920	2
-7900	1
-7880	0
-7860	3
-7840	4
-7820	3
-7800	1
-7780	1
-7760	2
-7740	2
-7720	2
-7700	6
-7680	2
-7660	0
-7640	2
-7620	4
-7600	8
-7580	2
-7560	1
-7540	1
-7520	4
-7500	4
-7480	5
-7460	2
-7440	0
-7420	4
-7400	3
-7380	1
-7360	2
-7340	1
-7320	4
-7300	5
-7280	3
-7260	0
-7240	1
-7220	3
-7200	4
-7180	6
-7160	1
-7140	0
-7120	2
-7100	4
-7080	4
-7060	2
-7040	2
-7020	3
-7000	3
-6980	2
-6960	2
-6940	3
-6920	3
-6900	4
-6880	3
-6860	2
-6840	4
-6820	3
-6800	3
-6780	5
-6760	6
-6740	3
-6720	2
-6700	4
-6680	1
-6660	3
-6640	3
-6620	1
-6600	3
-6580	4
-6560	1
-6540	2
-6520	5
-6500	0
-6480	2
-6460	1
-6440	6
-6420	2
-6400	1
-6380	3
-6360	1
-6340	4
-6320	2
-6300	2
-6280	2
-6260	4
-6240	2
-6220	4
-6200	2
-6180	0
-6160	3
-6140	2
-6120	1
-6100	1
-6080	4
-6060	2
-6040	2
-6020	4
-6000	0
-5980	2
-5960	6
-5940	2
-5920	1
-5900	4
-5880	3
-5860	4
-5840	2
-5820	6
-5800	0
-5780	0
-5760	1
-5740	4
-5720	7
-5700	3
-5680	6
-5660	4
-5640	3
-5620	3
-5600	4
-5580	2
-5560	0
-5540	3
-5520	5
-5500	2
-5480	4
-5460	2
-5440	3
-5420	4
-5400	6
-5380	1
-5360	0
-5340	5
-5320	3
-5300	2
-5280	2
-5260	4
-5240	1
-5220	1
-5200	1
-5180	4
-5160	2
-5140	3
-5120	2
-5100	2
-5080	3
-5060	2
-5040	3
-5020	0
-5000	1
-4980	0
-4960	1
-4940	1
-4920	1
-4900	3
-4880	3
-4860	6
-4840	3
-4820	5
-4800	8
-4780	3
-4760	1
-4740	3
-4720	3
-4700	1
-4680	2
-4660	3
-4640	0
-4620	5
-4600	3
-4580	1
-4560	3
-4540	2
-4520	3
-4500	2
-4480	3
-4460	2
-4440	1
-4420	1
-4400	4
-4380	6
-4360	1
-4340	5
-4320	5
-4300	0
-4280	6
-4260	4
-4240	0
-4220	3
-4200	2
-4180	4
-4160	2
-4140	2
-4120	1
-4100	5
-4080	3
-4060	1
-4040	3
-4020	10
-4000	2
-3980	6
-3960	4
-3940	5
-3920	5
-3900	3
-3880	5
-3860	3
-3840	3
-3820	1
-3800	3
-3780	0
-3760	3
-3740	0
-3720	2
-3700	6
-3680	1
-3660	3
-3640	3
-3620	1
-3600	4
-3580	2
-3560	2
-3540	5
-3520	1
-3500	4
-3480	4
-3460	4
-3440	1
-3420	1
-3400	5
-3380	1
-3360	0
-3340	3
-3320	1
-3300	3
-3280	1
-3260	5
-3240	1
-3220	3
-3200	5
-3180	0
-3160	1
-3140	3
-3120	3
-3100	4
-3080	4
-3060	3
-3040	1
-3020	2
-3000	1
-2980	3
-2960	3
-2940	4
-2920	1
-2900	2
-2880	2
-2860	6
-2840	5
-2820	2
-2800	1
-2780	1
-2760	1
-2740	0
-2720	2
-2700	2
-2680	3
-2660	3
-2640	0
-2620	4
-2600	0
-2580	2
-2560	5
-2540	2
-2520	2
-2500	2
-2480	2
-2460	2
-2440	1
-2420	0
-2400	1
-2380	1
-2360	4
-2340	0
-2320	1
-2300	1
-2280	1
-2260	2
-2240	4
-2220	2
-2200	1
-2180	2
-2160	1
-2140	2
-2120	1
-2100	3
-2080	2
-2060	3
-2040	2
-2020	2
-2000	4
-1980	4
-1960	1
-1940	3
-1920	2
-1900	3
-1880	1
-1860	3
-1840	4
-1820	3
-1800	3
-1780	3
-1760	1
-1740	3
-1720	1
-1700	4
-1680	1
-1660	0
-1640	5
-1620	2
-1600	1
-1580	1
-1560	0
-1540	0
-1520	1
-1500	4
-1480	5
-1460	1
-1440	2
-1420	2
-1400	3
-1380	5
-1360	5
-1340	9
-1320	4
-1300	6
-1280	9
-1260	5
-1240	4
-1220	3
-1200	1
-1180	3
-1160	2
-1140	1
-1120	1
-1100	4
-1080	2
-1060	3
-1040	2
-1020	3
-1000	2
-980	0
-960	3
-940	4
-920	3
-900	3
-880	6
-860	3
-840	5
-820	7
-800	5
-780	7
-760	4
-740	3
-720	0
-700	3
-680	1
-660	1
-640	0
-620	2
-600	2
-580	3
-560	3
-540	4
-520	2
-500	5
-480	1
-460	2
-440	2
-420	0
-400	2
-380	3
-360	1
-340	2
-320	2
-300	1
-280	3
-260	7
-240	22
-220	26
-200	33
-180	23
-160	19
-140	11
-120	8
-100	12
-80	39
-60	360
-40	2752
-20	15356
0	26085
20	14126
40	5111
60	1729
80	559
100	215
120	70
140	42
160	68
180	53
200	34
220	14
240	8
260	3
280	0
300	1
320	3
340	5
360	2
380	2
400	2
420	2
440	1
460	0
480	1
500	6
520	3
540	1
560	0
580	0
600	4
620	2
640	0
660	0
680	1
700	1
720	2
740	3
760	2
780	1
800	1
820	2
840	1
860	8
880	5
900	1
920	2
940	2
960	1
980	2
1000	1
1020	1
1040	1
1060	1
1080	2
1100	2
1120	1
1140	0
1160	3
1180	1
1200	2
1220	1
1240	0
1260	1
1280	3
1300	0
1320	0
1340	1
1360	1
1380	1
1400	0
1420	1
1440	1
1460	1
1480	1
1500	2
1520	1
1540	0
1560	2
1580	5
1600	3
1620	3
1640	1
1660	1
1680	1
1700	0
1720	1
1740	3
1760	1
1780	1
1800	1
1820	3
1840	0
1860	2
1880	0
1900	0
1920	0
1940	4
1960	2
1980	4
2000	1
2020	1
2040	1
2060	0
2080	1
2100	1
2120	2
2140	2
2160	0
2180	2
2200	1
2220	3
2240	3
2260	3
2280	0
2300	2
2320	1
2340	3
2360	0
2380	2
2400	2
2420	0
2440	1
2460	2
2480	2
2500	2
2520	0
2540	1
2560	0
2580	0
2600	2
2620	1
2640	2
2660	1
2680	0
2700	2
2720	2
2740	2
2760	0
2780	2
2800	3
2820	2
2840	0
2860	0
2880	2
2900	0
2920	0
2940	0
2960	1
2980	1
3000	1
3020	0
3040	3
3060	3
3080	1
3100	0
3120	0
3140	0
3160	1
3180	1
3200	0
3220	1
3240	3
3260	6
3280	12
3300	8
3320	7
3340	4
3360	1
3380	3
3400	3
3420	2
3440	0
3460	0
3480	0
3500	0
3520	1
3540	1
3560	1
3580	0
3600	1
3620	0
3640	1
3660	2
3680	2
3700	3
3720	0
3740	0
3760	2
3780	0
3800	1
3820	2
3840	0
3860	0
3880	0
3900	1
3920	1
3940	2
3960	3
3980	3
4000	1
4020	2
4040	8
4060	5
4080	2
4100	2
4120	2
4140	2
4160	3
4180	2
4200	0
4220	0
4240	1
4260	1
4280	0
4300	1
4320	0
4340	1
4360	2
4380	0
4400	1
4420	0
4440	2
4460	2
4480	1
4500	1
4520	0
4540	0
4560	0
4580	1
4600	1
4620	1
4640	2
4660	2
4680	4
4700	1
4720	1
4740	0
4760	3
4780	3
4800	0
4820	0
4840	0
4860	0
4880	3
4900	0
4920	0
4940	3
4960	1
4980	2
5000	0
5020	1
5040	1
5060	3
5080	0
5100	1
5120	1
5140	0
5160	1
5180	1
5200	1
5220	0
5240	1
5260	0
5280	1
5300	1
5320	2
5340	1
5360	1
5380	1
5400	1
5420	0
5440	1
5460	1
5480	1
5500	3
5520	0
5540	0
5560	1
5580	1
5600	0
5620	0
5640	2
5660	0
5680	1
5700	2
5720	2
5740	2
5760	2
5780	0
5800	0
5820	0
5840	1
5860	2
5880	0
5900	1
5920	0
5940	1
5960	0
5980	1
6000	1
6020	3
6040	4
6060	1
6080	1
6100	2
6120	1
6140	0
6160	1
6180	0
6200	0
6220	1
6240	1
6260	0
6280	1
6300	1
6320	2
6340	1
6360	0
6380	3
6400	0
6420	4
6440	1
6460	0
6480	0
6500	0
6520	0
6540	3
6560	0
6580	2
6600	1
6620	2
6640	1
6660	1
6680	1
6700	1
6720	2
6740	1
6760	1
6780	1
6800	0
6820	1
6840	1
6860	2
6880	1
6900	0
6920	1
6940	1
6960	1
6980	0
7000	1
7020	1
7040	0
7060	1
7080	1
7100	0
7120	1
7140	1
7160	0
7180	3
7200	1
7220	1
7240	1
7260	1
7280	1
7300	0
7320	0
7340	1
7360	1
7380	1
7400	0
7420	2
7440	2
7460	3
7480	0
7500	0
7520	1
7540	1
7560	0
7580	3
7600	4
7620	3
7640	5
7660	2
7680	2
7700	0
7720	1
7740	0
7760	1
7780	1
7800	2
7820	0
7840	0
7860	0
7880	0
7900	1
7920	1
7940	1
7960	1
7980	1
8000	0
8020	1
8040	0
8060	1
8080	2
8100	0
8120	1
8140	1
8160	0
8180	0
8200	1
8220	1
8240	0
8260	1
8280	0
8300	1
8320	0
8340	0
8360	1
8380	3
8400	0
8420	1
8440	1
8460	4
8480	5
8500	4
8520	2
8540	1
8560	1
8580	0
8600	0
8620	0
8640	2
8660	0
8680	1
8700	0
8720	1
8740	1
8760	0
8780	1
8800	2
8820	0
8840	1
8860	0
8880	1
8900	1
8920	1
8940	0
8960	1
8980	0
9000	1
9020	1
9040	1
9060	3
9080	0
9100	1
9120	0
9140	0
9160	1
9180	0
9200	1
9220	1
9240	0
9260	1
9280	0
9300	3
9320	0
9340	0
9360	2
9380	1
9400	0
9420	0
9440	2
9460	2
9480	1
9500	1
9520	0
9540	2
9560	1
9580	0
9600	0
9620	0
9640	0
9660	1
9680	0
9700	1
9720	2
9740	1
9760	1
9780	0
9800	0
9820	2
9840	2
9860	1
9880	2
9900	1
9920	0
9940	0
9960	1
9980	1
10000	0
10020	0
10040	0
10060	1
10080	1
10100	0
10120	0
10140	0
10160	1
10180	1
10200	1
10220	2
10240	0
10260	1
10280	0
10300	1
10320	0
10340	0
10360	0
10380	3
10400	0
10420	0
10440	2
10460	1
10480	0
10500	1
10520	0
10540	0
10560	0
10580	0
10600	0
10620	0
10640	1
10660	0
10680	0
10700	0
10720	1
10740	0
10760	0
10780	0
10800	1
10820	2
10840	2
10860	0
10880	0
10900	2
10920	0
10940	1
10960	2
10980	0
11000	1
11020	0
11040	1
11060	2
11080	1
11100	2
11120	3
11140	1
11160	8
11180	5
11200	2
11220	4
11240	1
11260	2
11280	3
11300	1
11320	1
11340	0
11360	2
11380	0
11400	1
11420	1
11440	0
11460	0
11480	0
11500	1
11520	2
11540	0
11560	0
11580	1
11600	9
11620	9
11640	5
11660	8
11680	8
11700	3
11720	4
11740	0
11760	1
11780	1
11800	0
11820	0
11840	0
11860	0
11880	0
11900	0
11920	1
11940	0
11960	1
11980	1
12000	0
12020	0
12040	2
12060	0
12080	0
12100	0
12120	0
12140	1
12160	1
12180	2
12200	2
12220	4
12240	15
12260	21
12280	20
12300	22
12320	15
12340	17
12360	6
12380	20
12400	70
12420	355
12440	1583
12460	5059
12480	8876
12500	6842
12520	3377
12540	1281
12560	556
12580	231
12600	112
12620	55
12640	39
12660	25
12680	16
12700	11
12720	7
12740	2
12760	2
12780	3
12800	0
12820	3
12840	2
12860	3
12880	2
12900	5
12920	1
12940	1
12960	2
12980	2
13000	4
13020	2
13040	0
13060	1
13080	0
13100	3
13120	1
13140	1
13160	3
13180	2
13200	3
13220	4
13240	2
13260	2
13280	2
13300	1
13320	3
13340	0
13360	0
13380	5
13400	2
13420	2
13440	2
13460	5
13480	1
13500	2
13520	2
13540	0
13560	2
13580	2
13600	3
13620	3
13640	3
13660	1
13680	4
13700	4
13720	0
13740	0
13760	2
13780	0
13800	4
13820	0
13840	3
13860	3
13880	3
13900	3
13920	2
13940	3
13960	0
13980	1
14000	3
14020	1
14040	1
14060	1
14080	2
14100	4
14120	1
14140	3
14160	2
14180	3
14200	2
14220	2
14240	2
14260	0
14280	4
14300	5
14320	1
14340	1
14360	1
14380	0
14400	2
14420	1
14440	4
14460	1
14480	3
14500	1
14520	1
14540	4
14560	3
14580	2
14600	1
14620	0
14640	3
14660	1
14680	2
14700	1
14720	0
14740	2
14760	2
14780	1
14800	1
14820	0
14840	3
14860	5
14880	1
14900	1
14920	2
14940	6
14960	0
14980	1
15000	2
15020	2
15040	2
15060	0
15080	2
15100	1
15120	4
15140	0
15160	2
15180	1
15200	3
15220	0
15240	0
15260	1
15280	3
15300	3
15320	3
15340	1
15360	4
15380	3
15400	0
15420	2
15440	0
15460	1
15480	3
15500	0
15520	3
15540	2
15560	0
15580	2
15600	1
15620	1
15640	2
15660	1
15680	2
15700	4
15720	1
15740	3
15760	13
15780	11
15800	9
15820	5
15840	4
15860	3
15880	6
15900	4
15920	3
15940	2
15960	1
15980	1
16000	1
16020	2
16040	0
16060	1
16080	1
16100	1
16120	1
16140	5
16160	1
16180	2
16200	1
16220	3
16240	2
16260	0
16280	2
16300	2
16320	2
16340	0
16360	1
16380	2
16400	0
16420	0
16440	1
16460	2
16480	6
16500	7
16520	4
16540	3
16560	1
16580	0
16600	1
16620	1
16640	1
16660	0
16680	2
16700	1
16720	1
16740	2
16760	0
16780	1
16800	2
16820	1
16840	3
16860	1
16880	0
16900	2
16920	1
16940	2
16960	2
16980	0
17000	0
17020	1
17040	2
17060	1
17080	0
17100	0
17120	1
17140	1
17160	4
17180	0
17200	2
17220	3
17240	2
17260	0
17280	0
17300	2
17320	0
17340	4
17360	3
17380	1
17400	0
17420	3
17440	0
17460	2
17480	1
17500	1
17520	1
17540	1
17560	1
17580	1
17600	0
17620	2
17640	2
17660	1
17680	2
17700	2
17720	3
17740	0
17760	3
17780	0
17800	1
17820	4
17840	1
17860	0
17880	0
17900	2
17920	1
17940	1
17960	2
17980	1
18000	2
18020	1
18040	2
18060	1
18080	1
18100	0
18120	1
18140	1
18160	2
18180	0
18200	0
18220	1
18240	1
18260	1
18280	1
18300	0
18320	1
18340	2
18360	3
18380	0
18400	2
18420	4
18440	1
18460	1
18480	0
18500	1
18520	3
18540	2
18560	1
18580	2
18600	0
18620	1
18640	1
18660	1
18680	0
18700	0
18720	1
18740	0
18760	2
18780	1
18800	1
18820	0
18840	1
18860	1
18880	1
18900	1
18920	1
18940	0
18960	2
18980	0
19000	2
19020	0
19040	2
19060	1
19080	1
19100	0
19120	1
19140	3
19160	1
19180	2
19200	1
19220	1
19240	1
19260	2
19280	0
19300	0
19320	2
19340	1
19360	0
19380	1
19400	1
19420	1
19440	2
19460	1
19480	1
19500	0
19520	0
19540	0
19560	1
19580	1
19600	0
19620	1
19640	1
19660	0
19680	0
19700	1
19720	0
19740	2
19760	3
19780	1
19800	2
19820	0
19840	1
19860	3
19880	3
19900	2
19920	2
19940	2
19960	1
19980	0
