"Time differences (ps)"	"Counts per bin"
-20000	4
-19980	3
-19960	1
-19940	3
-19920	0
-19900	3
-19880	5
-19860	6
-19840	3
-19820	1
-19800	3
-19780	6
-19760	3
-19740	1
-19720	1
-19700	4
-19680	4
-19660	4
-19640	0
-19620	7
-19600	1
-19580	1
-19560	3
-19540	0
-19520	2
-19500	2
-19480	3
-19460	1
-19440	0
-19420	2
-19400	0
-19380	2
-19360	2
-19340	3
-19320	2
-19300	2
-19280	2
-19260	0
-19240	2
-19220	3
-19200	3
-19180	1
-19160	1
-19140	2
-19120	2
-19100	2
-19080	1
-19060	8
-19040	5
-19020	4
-19000	1
-18980	3
-18960	1
-18940	2
-18920	1
-18900	1
-18880	3
-18860	2
-18840	7
-18820	1
-18800	1
-18780	1
-18760	5
-18740	2
-18720	3
-18700	4
-18680	0
-18660	1
-18640	2
-18620	0
-18600	4
-18580	1
-18560	3
-18540	4
-18520	1
-18500	1
-18480	2
-18460	3
-18440	2
-18420	2
-18400	3
-18380	3
-18360	2
-18340	2
-18320	2
-18300	1
-18280	1
-18260	0
-18240	0
-18220	1
-18200	3
-18180	3
-18160	2
-18140	3
-18120	1
-18100	1
-18080	3
-18060	2
-18040	2
-18020	6
-18000	2
-17980	2
-17960	2
-17940	3
-17920	3
-17900	3
-17880	3
-17860	2
-17840	4
-17820	3
-17800	2
-17780	5
-17760	2
-17740	4
-17720	0
-17700	0
-17680	1
-17660	6
-17640	1
-17620	4
-17600	6
-17580	3
-17560	2
-17540	3
-17520	0
-17500	1
-17480	5
-17460	3
-17440	2
-17420	1
-17400	2
-17380	4
-17360	8
-17340	5
-17320	1
-17300	3
-17280	5
-17260	3
-17240	4
-17220	4
-17200	0
-17180	0
-17160	4
-17140	3
-17120	3
-17100	3
-17080	2
-17060	4
-17040	3
-17020	2
-17000	1
-16980	1
-16960	2
-16940	4
-16920	3
-16900	0
-16880	1
-16860	1
-16840	1
-16820	1
-16800	3
-16780	3
-16760	4
-16740	3
-16720	4
-16700	4
-16680	3
-16660	3
-16640	1
-16620	4
-16600	7
-16580	3
-16560	4
-16540	1
-16520	0
-16500	3
-16480	5
-16460	7
-16440	2
-16420	3
-16400	2
-16380	2
-16360	1
-16340	1
-16320	1
-16300	1
-16280	6
-16260	2
-16240	1
-16220	1
-16200	3
-16180	0
-16160	5
-16140	3
-16120	1
-16100	0
-16080	5
-16060	2
-16040	1
-16020	0
-16000	0
-15980	1
-15960	2
-15940	3
-15920	2
-15900	3
-15880	5
-15860	2
-15840	2
-15820	2
-15800	3
-15780	1
-15760	0
-15740	1
-15720	1
-15700	2
-15680	4
-15660	1
-15640	1
-15620	4
-15600	2
-15580	2
-15560	3
-15540	1
-15520	5
-15500	1
-15480	3
-15460	3
-15440	2
-15420	1
-15400	1
-15380	5
-15360	1
-15340	4
-15320	1
-15300	2
-15280	3
-15260	1
-15240	2
-15220	3
-15200	3
-15180	2
-15160	1
-15140	1
-15120	4
-15100	4
-15080	1
-15060	2
-15040	1
-15020	1
-15000	2
-14980	0
-14960	1
-14940	2
-14920	0
-14900	2
-14880	1
-14860	2
-14840	1
-14820	2
-14800	1
-14780	3
-14760	2
-14740	4
-14720	5
-14700	4
-14680	3
-14660	3
-14640	1
-14620	3
-14600	0
-14580	4
-14560	2
-14540	2
-14520	1
-14500	2
-14480	1
-14460	3
-14440	1
-14420	1
-14400	2
-14380	1
-14360	2
-14340	2
-14320	2
-14300	2
-14280	3
-14260	2
-14240	2
-14220	2
-14200	1
-14180	1
-14160	4
-14140	3
-14120	2
-14100	0
-14080	3
-14060	2
-14040	2
-14020	2
-14000	2
-13980	1
-13960	1
-13940	3
-13920	5
-13900	8
-13880	5
-13860	3
-13840	6
-13820	13
-13800	5
-13780	2
-13760	3
-13740	4
-13720	1
-13700	0
-13680	3
-13660	1
-13640	2
-13620	0
-13600	2
-13580	3
-13560	2
-13540	1
-13520	1
-13500	1
-13480	3
-13460	4
-13440	2
-13420	1
-13400	1
-13380	5
-13360	8
-13340	10
-13320	7
-13300	9
-13280	9
-13260	3
-13240	2
-13220	1
-13200	2
-13180	3
-13160	2
-13140	0
-13120	3
-13100	0
-13080	1
-13060	2
-13040	0
-13020	3
-13000	3
-12980	1
-12960	0
-12940	2
-12920	5
-12900	3
-12880	1
-12860	0
-12840	4
-12820	4
-12800	2
-12780	5
-12760	4
-12740	7
-12720	9
-12700	6
-12680	18
-12660	11
-12640	11
-12620	9
-12600	16
-12580	40
-12560	188
-12540	804
-12520	2884
-12500	7486
-12480	8451
-12460	5007
-12440	2261
-12420	905
-12400	365
-12380	154
-12360	82
-12340	70
-12320	48
-12300	42
-12280	20
-12260	12
-12240	10
-12220	7
-12200	6
-12180	4
-12160	3
-12140	4
-12120	6
-12100	4
-12080	4
-12060	3
-12040	4
-12020	10
-12000	1
-11980	7
-11960	6
-11940	8
-11920	4
-11900	5
-11880	5
-11860	4
-11840	5
-11820	4
-11800	5
-11780	5
-11760	2
-11740	1
-11720	3
-11700	3
-11680	3
-11660	7
-11640	13
-11620	10
-11600	6
-11580	3
-11560	2
-11540	2
-11520	3
-11500	2
-11480	6
-11460	2
-11440	2
-11420	3
-11400	3
-11380	4
-11360	4
-11340	3
-11320	8
-11300	5
-11280	3
-11260	6
-11240	4
-11220	5
-11200	2
-11180	3
-11160	6
-11140	6
-11120	3
-11100	2
-11080	1
-11060	3
-11040	4
-11020	2
-11000	3
-10980	4
-10960	1
-10940	2
-10920	2
-10900	4
-10880	2
-10860	4
-10840	3
-10820	2
-10800	2
-10780	3
-10760	1
-10740	5
-10720	4
-10700	2
-10680	2
-10660	2
-10640	6
-10620	2
-10600	2
-10580	1
-10560	1
-10540	5
-10520	5
-10500	2
-10480	2
-10460	5
-10440	3
-10420	6
-10400	6
-10380	1
-10360	1
-10340	1
-10320	1
-10300	4
-10280	2
-10260	5
-10240	4
-10220	4
-10200	5
-10180	2
-10160	7
-10140	3
-10120	3
-10100	2
-10080	4
-10060	1
-10040	3
-10020	6
-10000	3
-9980	4
-9960	4
-9940	1
-9920	1
-9900	1
-9880	3
-9860	4
-9840	4
-9820	1
-9800	2
-9780	0
-9760	4
-9740	2
-9720	3
-9700	6
-9680	2
-9660	4
-9640	2
-9620	2
-9600	1
-9580	3
-9560	2
-9540	3
-9520	4
-9500	3
-9480	5
-9460	3
-9440	2
-9420	5
-9400	3
-9380	2
-9360	3
-9340	2
-9320	1
-9300	2
-9280	7
-9260	2
-9240	4
-9220	8
-9200	12
-9180	11
-9160	6
-9140	2
-9120	4
-9100	7
-9080	7
-9060	3
-9040	3
-9020	3
-9000	1
-8980	4
-8960	5
-8940	5
-8920	4
-8900	1
-8880	3
-8860	4
-8840	2
-8820	4
-8800	2
-8780	1
-8760	1
-8740	4
-8720	2
-8700	3
-8680	6
-8660	4
-8640	0
-8620	4
-8600	2
-8580	4
-8560	5
-8540	3
-8520	4
-8500	5
-8480	5
-8460	7
-8440	8
-8420	5
-8400	2
-8380	3
-8360	3
-8340	1
-8320	3
-8300	3
-8280	1
-8260	4
-8240	3
-8220	2
-8200	1
-8180	4
-8160	3
-8140	3
-8120	4
-8100	3
-8080	3
-8060	2
-8040	3
-8020	3
-8000	2
-7980	1
-7960	2
-7940	4
-7920	3
-7900	1
-7880	2
-7860	2
-7840	2
-7820	2
-7800	1
-7780	3
-7760	6
-7740	2
-7720	1
-7700	4
-7680	5
-7660	6
-7640	0
-7620	0
-7600	1
-7580	0
-7560	1
-7540	2
-7520	6
-7500	3
-7480	3
-7460	6
-7440	3
-7420	5
-7400	4
-7380	4
-7360	3
-7340	2
-7320	5
-7300	8
-7280	5
-7260	1
-7240	3
-7220	2
-7200	2
-7180	4
-7160	5
-7140	5
-7120	3
-7100	2
-7080	5
-7060	0
-7040	3
-7020	3
-7000	1
-6980	5
-6960	6
-6940	0
-6920	0
-6900	5
-6880	4
-6860	6
-6840	3
-6820	3
-6800	4
-6780	3
-6760	1
-6740	2
-6720	4
-6700	2
-6680	4
-6660	0
-6640	3
-6620	1
-6600	7
-6580	1
-6560	1
-6540	1
-6520	1
-6500	1
-6480	6
-6460	2
-6440	1
-6420	2
-6400	3
-6380	4
-6360	5
-6340	3
-6320	1
-6300	5
-6280	6
-6260	2
-6240	3
-6220	4
-6200	0
-6180	1
-6160	4
-6140	3
-6120	0
-6100	2
-6080	3
-6060	3
-6040	0
-6020	4
-6000	3
-5980	5
-5960	2
-5940	2
-5920	1
-5900	2
-5880	3
-5860	2
-5840	1
-5820	3
-5800	6
-5780	2
-5760	2
-5740	1
-5720	6
-5700	0
-5680	3
-5660	1
-5640	1
-5620	2
-5600	2
-5580	3
-5560	2
-5540	4
-5520	0
-5500	2
-5480	4
-5460	0
-5440	1
-5420	1
-5400	2
-5380	3
-5360	2
-5340	1
-5320	1
-5300	7
-5280	3
-5260	1
-5240	2
-5220	2
-5200	5
-5180	2
-5160	4
-5140	1
-5120	5
-5100	4
-5080	1
-5060	2
-5040	5
-5020	1
-5000	1
-4980	1
-4960	3
-4940	4
-4920	3
-4900	4
-4880	4
-4860	10
-4840	6
-4820	6
-4800	6
-4780	2
-4760	5
-4740	4
-4720	2
-4700	0
-4680	2
-4660	2
-4640	1
-4620	4
-4600	1
-4580	5
-4560	2
-4540	3
-4520	2
-4500	2
-4480	6
-4460	3
-4440	1
-4420	2
-4400	1
-4380	4
-4360	2
-4340	1
-4320	1
-4300	5
-4280	2
-4260	3
-4240	2
-4220	3
-4200	0
-4180	2
-4160	3
-4140	2
-4120	1
-4100	4
-4080	3
-4060	2
-4040	3
-4020	11
-4000	7
-3980	5
-3960	3
-3940	5
-3920	2
-3900	2
-3880	1
-3860	1
-3840	2
-3820	2
-3800	5
-3780	4
-3760	4
-3740	4
-3720	0
-3700	2
-3680	4
-3660	1
-3640	1
-3620	0
-3600	5
-3580	4
-3560	2
-3540	2
-3520	2
-3500	1
-3480	3
-3460	4
-3440	3
-3420	0
-3400	4
-3380	3
-3360	2
-3340	6
-3320	1
-3300	3
-3280	0
-3260	1
-3240	3
-3220	1
-3200	2
-3180	2
-3160	2
-3140	2
-3120	2
-3100	1
-3080	3
-3060	1
-3040	3
-3020	1
-3000	0
-2980	5
-2960	1
-2940	3
-2920	3
-2900	2
-2880	1
-2860	2
-2840	2
-2820	2
-2800	6
-2780	2
-2760	2
-2740	2
-2720	3
-2700	2
-2680	4
-2660	7
-2640	3
-2620	1
-2600	5
-2580	4
-2560	1
-2540	2
-2520	0
-2500	1
-2480	4
-2460	0
-2440	2
-2420	4
-2400	1
-2380	2
-2360	3
-2340	2
-2320	3
-2300	1
-2280	1
-2260	4
-2240	2
-2220	2
-2200	2
-2180	2
-2160	1
-2140	1
-2120	6
-2100	3
-2080	0
-2060	1
-2040	2
-2020	3
-2000	3
-1980	2
-1960	2
-1940	1
-1920	1
-1900	1
-1880	4
-1860	2
-1840	3
-1820	0
-1800	4
-1780	4
-1760	1
-1740	2
-1720	2
-1700	1
-1680	2
-1660	3
-1640	3
-1620	1
-1600	3
-1580	1
-1560	3
-1540	1
-1520	1
-1500	2
-1480	1
-1460	2
-1440	3
-1420	1
-1400	1
-1380	3
-1360	4
-1340	6
-1320	8
-1300	10
-1280	2
-1260	2
-1240	4
-1220	0
-1200	0
-1180	3
-1160	2
-1140	3
-1120	4
-1100	0
-1080	4
-1060	3
-1040	5
-1020	3
-1000	3
-980	2
-960	6
-940	5
-920	3
-900	5
-880	10
-860	9
-840	11
-820	3
-800	5
-780	3
-760	2
-740	1
-720	3
-700	2
-680	1
-660	2
-640	2
-620	1
-600	0
-580	0
-560	2
-540	3
-520	1
-500	2
-480	1
-460	0
-440	3
-420	1
-400	1
-380	4
-360	1
-340	5
-320	3
-300	4
-280	2
-260	7
-240	7
-220	27
-200	21
-180	18
-160	9
-140	11
-120	14
-100	10
-80	39
-60	310
-40	2004
-20	11295
0	17077
20	8681
40	2913
60	1025
80	405
100	143
120	72
140	43
160	38
180	36
200	13
220	10
240	5
260	1
280	3
300	3
320	3
340	1
360	2
380	1
400	2
420	1
440	1
460	3
480	4
500	2
520	3
540	3
560	1
580	1
600	3
620	1
640	1
660	2
680	2
700	1
720	0
740	2
760	1
780	0
800	1
820	1
840	1
860	3
880	3
900	1
920	4
940	2
960	2
980	4
1000	1
1020	1
1040	1
1060	5
1080	0
1100	2
1120	2
1140	0
1160	1
1180	1
1200	1
1220	1
1240	1
1260	3
1280	1
1300	3
1320	0
1340	2
1360	0
1380	2
1400	2
1420	2
1440	1
1460	1
1480	1
1500	1
1520	1
1540	1
1560	0
1580	3
1600	2
1620	0
1640	1
1660	1
1680	2
1700	1
1720	1
1740	3
1760	1
1780	1
1800	0
1820	0
1840	3
1860	1
1880	0
1900	0
1920	0
1940	2
1960	1
1980	1
2000	2
2020	0
2040	0
2060	1
2080	0
2100	1
2120	0
2140	1
2160	2
2180	3
2200	1
2220	1
2240	0
2260	1
2280	3
2300	2
2320	1
2340	2
2360	0
2380	0
2400	1
2420	0
2440	2
2460	1
2480	4
2500	0
2520	1
2540	0
2560	1
2580	0
2600	0
2620	1
2640	3
2660	1
2680	0
2700	2
2720	0
2740	0
2760	1
2780	1
2800	2
2820	1
2840	0
2860	1
2880	1
2900	2
2920	1
2940	2
2960	0
2980	2
3000	1
3020	3
3040	0
3060	0
3080	0
3100	0
3120	0
3140	0
3160	4
3180	1
3200	1
3220	1
3240	3
3260	5
3280	12
3300	19
3320	5
3340	3
3360	1
3380	2
3400	2
3420	2
3440	4
3460	0
3480	2
3500	0
3520	2
3540	1
3560	1
3580	0
3600	3
3620	2
3640	0
3660	1
3680	1
3700	1
3720	1
3740	1
3760	1
3780	1
3800	1
3820	2
3840	0
3860	0
3880	2
3900	1
3920	1
3940	0
3960	1
3980	1
4000	1
4020	4
4040	7
4060	3
4080	2
4100	1
4120	2
4140	1
4160	0
4180	2
4200	0
4220	2
4240	0
4260	0
4280	4
4300	1
4320	1
4340	2
4360	1
4380	2
4400	1
4420	1
4440	0
4460	1
4480	0
4500	1
4520	0
4540	2
4560	2
4580	1
4600	4
4620	2
4640	2
4660	1
4680	1
4700	0
4720	1
4740	1
4760	0
4780	2
4800	0
4820	3
4840	0
4860	1
4880	2
4900	1
4920	1
4940	0
4960	0
4980	1
5000	0
5020	1
5040	0
5060	0
5080	2
5100	0
5120	1
5140	2
5160	1
5180	1
5200	1
5220	0
5240	1
5260	3
5280	0
5300	2
5320	0
5340	0
5360	1
5380	3
5400	0
5420	2
5440	1
5460	0
5480	2
5500	1
5520	0
5540	0
5560	1
5580	0
5600	0
5620	0
5640	1
5660	0
5680	2
5700	3
5720	1
5740	0
5760	2
5780	1
5800	0
5820	1
5840	2
5860	0
5880	0
5900	1
5920	0
5940	2
5960	1
5980	2
6000	0
6020	2
6040	0
6060	1
6080	0
6100	0
6120	0
6140	2
6160	3
6180	0
6200	0
6220	0
6240	2
6260	0
6280	1
6300	2
6320	0
6340	1
6360	0
6380	2
6400	4
6420	0
6440	0
6460	0
6480	1
6500	1
6520	1
6540	1
6560	0
6580	1
6600	0
6620	0
6640	1
6660	1
6680	1
6700	3
6720	1
6740	1
6760	3
6780	0
6800	2
6820	0
6840	0
6860	1
6880	2
6900	1
6920	0
6940	1
6960	0
6980	1
7000	3
7020	1
7040	1
7060	0
7080	0
7100	0
7120	1
7140	1
7160	0
7180	1
7200	1
7220	1
7240	0
7260	1
7280	1
7300	3
7320	0
7340	1
7360	0
7380	0
7400	2
7420	1
7440	1
7460	1
7480	0
7500	1
7520	2
7540	0
7560	2
7580	1
7600	5
7620	1
7640	6
7660	4
7680	3
7700	1
7720	2
7740	2
7760	1
7780	0
7800	1
7820	0
7840	0
7860	1
7880	2
7900	1
7920	0
7940	0
7960	2
7980	3
8000	2
8020	0
8040	1
8060	0
8080	0
8100	0
8120	0
8140	1
8160	1
8180	1
8200	2
8220	0
8240	1
8260	0
8280	0
8300	0
8320	2
8340	1
8360	0
8380	0
8400	1
8420	1
8440	0
8460	2
8480	3
8500	5
8520	6
8540	2
8560	1
8580	1
8600	3
8620	0
8640	0
8660	1
8680	0
8700	1
8720	0
8740	4
8760	0
8780	0
8800	0
8820	1
8840	0
8860	0
8880	1
8900	0
8920	1
8940	0
8960	0
8980	1
9000	2
9020	2
9040	1
9060	1
9080	0
9100	0
9120	1
9140	0
9160	0
9180	1
9200	1
9220	1
9240	0
9260	0
9280	0
9300	1
9320	1
9340	1
9360	3
9380	0
9400	2
9420	1
9440	0
9460	1
9480	1
9500	0
9520	4
9540	1
9560	1
9580	1
9600	0
9620	1
9640	1
9660	0
9680	0
9700	0
9720	1
9740	2
9760	0
9780	2
9800	0
9820	2
9840	3
9860	1
9880	0
9900	3
9920	1
9940	1
9960	2
9980	0
10000	2
10020	0
10040	0
10060	0
10080	1
10100	1
10120	0
10140	1
10160	0
10180	0
10200	2
10220	0
10240	0
10260	0
10280	0
10300	1
10320	1
10340	3
10360	0
10380	0
10400	1
10420	1
10440	1
10460	0
10480	0
10500	0
10520	1
10540	0
10560	0
10580	0
10600	1
10620	2
10640	0
10660	3
10680	0
10700	0
10720	3
10740	0
10760	1
10780	0
10800	0
10820	1
10840	0
10860	2
10880	0
10900	0
10920	0
10940	0
10960	2
10980	0
11000	0
11020	0
11040	1
11060	0
11080	2
11100	1
11120	2
11140	3
11160	5
11180	3
11200	1
11220	1
11240	1
11260	0
11280	1
11300	1
11320	0
11340	1
11360	2
11380	1
11400	0
11420	2
11440	0
11460	1
11480	0
11500	0
11520	0
11540	0
11560	1
11580	2
11600	12
11620	16
11640	12
11660	17
11680	10
11700	4
11720	0
11740	3
11760	1
11780	1
11800	2
11820	0
11840	1
11860	2
11880	0
11900	0
11920	0
11940	2
11960	1
11980	1
12000	0
12020	1
12040	1
12060	0
12080	0
12100	0
12120	1
12140	2
12160	1
12180	1
12200	5
12220	2
12240	12
12260	8
12280	16
12300	15
12320	10
12340	11
12360	14
12380	17
12400	77
12420	379
12440	1685
12460	5241
12480	8746
12500	6970
12520	3246
12540	1385
12560	592
12580	251
12600	103
12620	51
12640	47
12660	35
12680	23
12700	13
12720	10
12740	3
12760	5
12780	0
12800	1
12820	3
12840	1
12860	1
12880	1
12900	3
12920	3
12940	2
12960	5
12980	0
13000	0
13020	1
13040	0
13060	3
13080	2
13100	0
13120	1
13140	2
13160	3
13180	3
13200	2
13220	4
13240	1
13260	1
13280	0
13300	1
13320	3
13340	2
13360	1
13380	1
13400	3
13420	0
13440	3
13460	3
13480	4
13500	4
13520	0
13540	0
13560	2
13580	4
13600	0
13620	3
13640	4
13660	0
13680	1
13700	2
13720	3
13740	4
13760	1
13780	1
13800	2
13820	7
13840	1
13860	2
13880	1
13900	1
13920	2
13940	1
13960	3
13980	2
14000	3
14020	3
14040	1
14060	0
14080	3
14100	3
14120	1
14140	0
14160	1
14180	3
14200	2
14220	3
14240	1
14260	2
14280	4
14300	3
14320	1
14340	1
14360	1
14380	1
14400	1
14420	4
14440	2
14460	3
14480	1
14500	1
14520	4
14540	2
14560	1
14580	2
14600	2
14620	1
14640	2
14660	2
14680	2
14700	1
14720	2
14740	2
14760	2
14780	0
14800	0
14820	1
14840	2
14860	0
14880	0
14900	1
14920	3
14940	3
14960	5
14980	0
15000	1
15020	3
15040	0
15060	4
15080	1
15100	0
15120	3
15140	2
15160	1
15180	0
15200	1
15220	3
15240	1
15260	2
15280	2
15300	3
15320	2
15340	1
15360	0
15380	2
15400	2
15420	4
15440	1
15460	2
15480	0
15500	2
15520	4
15540	2
15560	2
15580	1
15600	2
15620	1
15640	2
15660	1
15680	2
15700	1
15720	0
15740	3
15760	10
15780	13
15800	7
15820	3
15840	4
15860	3
15880	2
15900	3
15920	0
15940	0
15960	3
15980	1
16000	0
16020	1
16040	0
16060	1
16080	2
16100	2
16120	1
16140	2
16160	2
16180	1
16200	1
16220	1
16240	2
16260	2
16280	0
16300	2
16320	1
16340	1
16360	0
16380	1
16400	1
16420	0
16440	0
16460	0
16480	2
16500	4
16520	4
16540	1
16560	3
16580	2
16600	2
16620	2
16640	0
16660	0
16680	1
16700	0
16720	0
16740	1
16760	0
16780	2
16800	2
16820	2
16840	2
16860	2
16880	0
16900	3
16920	1
16940	0
16960	2
16980	2
17000	1
17020	1
17040	1
17060	3
17080	1
17100	4
17120	1
17140	1
17160	2
17180	0
17200	1
17220	2
17240	0
17260	0
17280	3
17300	1
17320	1
17340	2
17360	3
17380	1
17400	3
17420	0
17440	2
17460	1
17480	2
17500	1
17520	3
17540	0
17560	2
17580	4
17600	1
17620	2
17640	1
17660	1
17680	0
17700	0
17720	1
17740	1
17760	1
17780	0
17800	2
17820	1
17840	0
17860	0
17880	1
17900	4
17920	1
17940	0
17960	2
17980	0
18000	0
18020	3
18040	2
18060	1
18080	2
18100	3
18120	0
18140	2
18160	0
18180	0
18200	1
18220	0
18240	1
18260	2
18280	0
18300	0
18320	1
18340	0
18360	3
18380	2
18400	1
18420	0
18440	2
18460	0
18480	1
18500	3
18520	2
18540	0
18560	0
18580	1
18600	2
18620	2
18640	2
18660	5
18680	3
18700	2
18720	0
18740	3
18760	0
18780	0
18800	1
18820	0
18840	0
18860	2
18880	2
18900	1
18920	0
18940	0
18960	1
18980	1
19000	2
19020	0
19040	0
19060	2
19080	2
19100	2
19120	2
19140	2
19160	1
19180	1
19200	0
19220	0
19240	1
19260	2
19280	2
19300	3
19320	0
19340	0
19360	0
19380	2
19400	1
19420	1
19440	1
19460	0
19480	0
19500	0
19520	0
19540	2
19560	0
19580	0
19600	1
19620	0
19640	2
19660	1
19680	0
19700	0
19720	0
19740	1
19760	2
19780	1
19800	3
19820	0
19840	3
19860	1
19880	0
19900	1
19920	1
19940	2
19960	1
19980	3
