"Time differences (ps)"	"Counts per bin"
-20000	2
-19980	2
-19960	1
-19940	5
-19920	2
-19900	3
-19880	2
-19860	3
-19840	2
-19820	5
-19800	4
-19780	3
-19760	2
-19740	2
-19720	2
-19700	0
-19680	0
-19660	1
-19640	4
-19620	2
-19600	2
-19580	1
-19560	3
-19540	1
-19520	4
-19500	2
-19480	3
-19460	2
-19440	0
-19420	2
-19400	3
-19380	5
-19360	3
-19340	0
-19320	4
-19300	7
-19280	3
-19260	4
-19240	1
-19220	4
-19200	2
-19180	2
-19160	2
-19140	2
-19120	3
-19100	4
-19080	2
-19060	1
-19040	3
-19020	3
-19000	3
-18980	4
-18960	2
-18940	2
-18920	3
-18900	1
-18880	1
-18860	2
-18840	2
-18820	1
-18800	1
-18780	2
-18760	2
-18740	7
-18720	4
-18700	2
-18680	5
-18660	3
-18640	2
-18620	3
-18600	3
-18580	2
-18560	5
-18540	5
-18520	3
-18500	5
-18480	1
-18460	3
-18440	4
-18420	3
-18400	0
-18380	4
-18360	2
-18340	3
-18320	5
-18300	3
-18280	1
-18260	1
-18240	2
-18220	3
-18200	1
-18180	2
-18160	1
-18140	1
-18120	2
-18100	1
-18080	0
-18060	2
-18040	4
-18020	2
-18000	2
-17980	1
-17960	6
-17940	1
-17920	4
-17900	2
-17880	5
-17860	4
-17840	3
-17820	1
-17800	1
-17780	3
-17760	3
-17740	2
-17720	1
-17700	3
-17680	3
-17660	2
-17640	1
-17620	2
-17600	2
-17580	1
-17560	0
-17540	0
-17520	2
-17500	2
-17480	2
-17460	2
-17440	0
-17420	3
-17400	2
-17380	8
-17360	2
-17340	2
-17320	9
-17300	1
-17280	0
-17260	6
-17240	0
-17220	2
-17200	4
-17180	2
-17160	2
-17140	2
-17120	2
-17100	0
-17080	0
-17060	4
-17040	3
-17020	1
-17000	1
-16980	2
-16960	2
-16940	6
-16920	1
-16900	3
-16880	3
-16860	3
-16840	2
-16820	3
-16800	3
-16780	2
-16760	4
-16740	2
-16720	1
-16700	3
-16680	5
-16660	0
-16640	2
-16620	3
-16600	1
-16580	1
-16560	1
-16540	7
-16520	4
-16500	8
-16480	3
-16460	4
-16440	0
-16420	1
-16400	1
-16380	1
-16360	0
-16340	1
-16320	1
-16300	0
-16280	1
-16260	3
-16240	0
-16220	2
-16200	2
-16180	1
-16160	2
-16140	1
-16120	3
-16100	0
-16080	2
-16060	2
-16040	1
-16020	1
-16000	1
-15980	4
-15960	2
-15940	1
-15920	1
-15900	2
-15880	1
-15860	2
-15840	2
-15820	3
-15800	3
-15780	1
-15760	4
-15740	1
-15720	2
-15700	3
-15680	1
-15660	2
-15640	0
-15620	2
-15600	3
-15580	2
-15560	1
-15540	2
-15520	4
-15500	0
-15480	0
-15460	3
-15440	3
-15420	2
-15400	1
-15380	2
-15360	2
-15340	1
-15320	0
-15300	2
-15280	5
-15260	2
-15240	1
-15220	4
-15200	3
-15180	1
-15160	0
-15140	1
-15120	0
-15100	3
-15080	0
-15060	3
-15040	4
-15020	1
-15000	3
-14980	1
-14960	1
-14940	1
-14920	2
-14900	4
-14880	2
-14860	2
-14840	5
-14820	2
-14800	2
-14780	2
-14760	2
-14740	1
-14720	2
-14700	5
-14680	3
-14660	1
-14640	3
-14620	1
-14600	4
-14580	4
-14560	3
-14540	0
-14520	3
-14500	3
-14480	1
-14460	2
-14440	2
-14420	2
-14400	1
-14380	4
-14360	2
-14340	3
-14320	1
-14300	1
-14280	1
-14260	3
-14240	2
-14220	3
-14200	4
-14180	2
-14160	5
-14140	1
-14120	2
-14100	3
-14080	2
-14060	2
-14040	4
-14020	3
-14000	1
-13980	3
-13960	1
-13940	3
-13920	3
-13900	0
-13880	0
-13860	3
-13840	6
-13820	6
-13800	8
-13780	7
-13760	4
-13740	2
-13720	2
-13700	2
-13680	0
-13660	4
-13640	0
-13620	3
-13600	2
-13580	2
-13560	2
-13540	0
-13520	1
-13500	2
-13480	3
-13460	2
-13440	2
-13420	2
-13400	2
-13380	3
-13360	5
-13340	8
-13320	8
-13300	3
-13280	4
-13260	6
-13240	3
-13220	2
-13200	6
-13180	1
-13160	1
-13140	1
-13120	2
-13100	2
-13080	1
-13060	1
-13040	0
-13020	0
-13000	0
-12980	2
-12960	1
-12940	5
-12920	1
-12900	2
-12880	4
-12860	4
-12840	1
-12820	3
-12800	1
-12780	3
-12760	4
-12740	6
-12720	9
-12700	5
-12680	19
-12660	10
-12640	11
-12620	9
-12600	14
-12580	45
-12560	154
-12540	655
-12520	2719
-12500	6870
-12480	8143
-12460	4933
-12440	2261
-12420	851
-12400	352
-12380	142
-12360	83
-12340	50
-12320	44
-12300	27
-12280	27
-12260	14
-12240	8
-12220	9
-12200	8
-12180	7
-12160	3
-12140	2
-12120	4
-12100	5
-12080	0
-12060	2
-12040	3
-12020	4
-12000	5
-11980	4
-11960	1
-11940	3
-11920	1
-11900	1
-11880	2
-11860	3
-11840	1
-11820	6
-11800	0
-11780	4
-11760	2
-11740	7
-11720	1
-11700	8
-11680	3
-11660	4
-11640	2
-11620	3
-11600	5
-11580	4
-11560	4
-11540	4
-11520	3
-11500	6
-11480	2
-11460	0
-11440	2
-11420	4
-11400	4
-11380	3
-11360	5
-11340	2
-11320	7
-11300	2
-11280	4
-11260	1
-11240	3
-11220	3
-11200	5
-11180	3
-11160	4
-11140	1
-11120	5
-11100	3
-11080	4
-11060	2
-11040	2
-11020	1
-11000	5
-10980	1
-10960	1
-10940	5
-10920	3
-10900	2
-10880	7
-10860	1
-10840	1
-10820	3
-10800	2
-10780	2
-10760	6
-10740	0
-10720	3
-10700	1
-10680	2
-10660	2
-10640	6
-10620	5
-10600	2
-10580	5
-10560	5
-10540	7
-10520	5
-10500	2
-10480	3
-10460	4
-10440	2
-10420	5
-10400	2
-10380	6
-10360	1
-10340	5
-10320	1
-10300	6
-10280	2
-10260	7
-10240	4
-10220	0
-10200	0
-10180	7
-10160	3
-10140	4
-10120	1
-10100	0
-10080	3
-10060	0
-10040	2
-10020	2
-10000	1
-9980	3
-9960	3
-9940	1
-9920	2
-9900	7
-9880	7
-9860	2
-9840	1
-9820	2
-9800	3
-9780	4
-9760	3
-9740	4
-9720	1
-9700	2
-9680	3
-9660	1
-9640	5
-9620	3
-9600	5
-9580	5
-9560	3
-9540	2
-9520	4
-9500	3
-9480	5
-9460	2
-9440	2
-9420	3
-9400	3
-9380	3
-9360	4
-9340	3
-9320	3
-9300	3
-9280	3
-9260	2
-9240	3
-9220	11
-9200	13
-9180	11
-9160	4
-9140	6
-9120	5
-9100	5
-9080	6
-9060	9
-9040	1
-9020	6
-9000	3
-8980	3
-8960	4
-8940	3
-8920	2
-8900	1
-8880	3
-8860	1
-8840	2
-8820	5
-8800	3
-8780	5
-8760	2
-8740	1
-8720	0
-8700	5
-8680	4
-8660	5
-8640	3
-8620	1
-8600	2
-8580	6
-8560	2
-8540	2
-8520	1
-8500	2
-8480	6
-8460	5
-8440	4
-8420	2
-8400	2
-8380	2
-8360	6
-8340	2
-8320	1
-8300	3
-8280	3
-8260	2
-8240	3
-8220	6
-8200	4
-8180	5
-8160	2
-8140	0
-8120	3
-8100	4
-8080	5
-8060	2
-8040	0
-8020	4
-8000	3
-7980	1
-7960	4
-7940	3
-7920	3
-7900	4
-7880	2
-7860	1
-7840	3
-7820	0
-7800	2
-7780	3
-7760	3
-7740	0
-7720	3
-7700	4
-7680	2
-7660	3
-7640	4
-7620	5
-7600	1
-7580	2
-7560	2
-7540	6
-7520	1
-7500	4
-7480	3
-7460	1
-7440	4
-7420	1
-7400	4
-7380	1
-7360	1
-7340	5
-7320	1
-7300	3
-7280	6
-7260	3
-7240	2
-7220	1
-7200	4
-7180	1
-7160	4
-7140	1
-7120	0
-7100	3
-7080	5
-7060	4
-7040	5
-7020	3
-7000	5
-6980	2
-6960	2
-6940	2
-6920	1
-6900	2
-6880	4
-6860	5
-6840	2
-6820	2
-6800	3
-6780	1
-6760	2
-6740	5
-6720	2
-6700	2
-6680	2
-6660	3
-6640	2
-6620	6
-6600	3
-6580	3
-6560	1
-6540	1
-6520	4
-6500	1
-6480	4
-6460	6
-6440	2
-6420	1
-6400	1
-6380	2
-6360	4
-6340	7
-6320	4
-6300	4
-6280	2
-6260	3
-6240	3
-6220	4
-6200	1
-6180	2
-6160	5
-6140	2
-6120	3
-6100	2
-6080	5
-6060	4
-6040	1
-6020	2
-6000	1
-5980	3
-5960	2
-5940	2
-5920	1
-5900	3
-5880	1
-5860	1
-5840	2
-5820	3
-5800	0
-5780	3
-5760	1
-5740	3
-5720	1
-5700	4
-5680	2
-5660	1
-5640	1
-5620	0
-5600	3
-5580	3
-5560	3
-5540	3
-5520	3
-5500	5
-5480	2
-5460	3
-5440	3
-5420	2
-5400	4
-5380	0
-5360	3
-5340	4
-5320	0
-5300	2
-5280	2
-5260	1
-5240	0
-5220	2
-5200	1
-5180	4
-5160	2
-5140	5
-5120	4
-5100	5
-5080	3
-5060	3
-5040	3
-5020	2
-5000	3
-4980	3
-4960	4
-4940	3
-4920	6
-4900	4
-4880	2
-4860	9
-4840	0
-4820	2
-4800	4
-4780	3
-4760	0
-4740	3
-4720	2
-4700	5
-4680	2
-4660	1
-4640	0
-4620	4
-4600	2
-4580	1
-4560	2
-4540	2
-4520	0
-4500	4
-4480	2
-4460	0
-4440	3
-4420	3
-4400	1
-4380	2
-4360	5
-4340	2
-4320	3
-4300	3
-4280	0
-4260	0
-4240	2
-4220	2
-4200	2
-4180	4
-4160	3
-4140	3
-4120	2
-4100	4
-4080	0
-4060	4
-4040	11
-4020	5
-4000	2
-3980	2
-3960	3
-3940	0
-3920	1
-3900	1
-3880	2
-3860	0
-3840	2
-3820	2
-3800	3
-3780	1
-3760	0
-3740	1
-3720	2
-3700	1
-3680	1
-3660	6
-3640	2
-3620	5
-3600	3
-3580	3
-3560	4
-3540	2
-3520	2
-3500	3
-3480	2
-3460	0
-3440	1
-3420	3
-3400	2
-3380	2
-3360	1
-3340	3
-3320	6
-3300	2
-3280	1
-3260	2
-3240	2
-3220	2
-3200	4
-3180	3
-3160	1
-3140	4
-3120	2
-3100	4
-3080	4
-3060	0
-3040	3
-3020	4
-3000	5
-2980	2
-2960	3
-2940	2
-2920	0
-2900	2
-2880	2
-2860	2
-2840	3
-2820	1
-2800	3
-2780	4
-2760	1
-2740	2
-2720	1
-2700	4
-2680	2
-2660	4
-2640	2
-2620	1
-2600	2
-2580	3
-2560	2
-2540	1
-2520	2
-2500	0
-2480	0
-2460	3
-2440	2
-2420	1
-2400	3
-2380	1
-2360	2
-2340	1
-2320	1
-2300	1
-2280	6
-2260	2
-2240	2
-2220	4
-2200	2
-2180	0
-2160	1
-2140	1
-2120	3
-2100	3
-2080	3
-2060	2
-2040	5
-2020	3
-2000	1
-1980	3
-1960	3
-1940	5
-1920	7
-1900	1
-1880	3
-1860	2
-1840	2
-1820	4
-1800	3
-1780	0
-1760	1
-1740	3
-1720	1
-1700	1
-1680	2
-1660	3
-1640	1
-1620	4
-1600	1
-1580	2
-1560	1
-1540	2
-1520	1
-1500	1
-1480	1
-1460	6
-1440	2
-1420	3
-1400	1
-1380	1
-1360	3
-1340	4
-1320	8
-1300	8
-1280	2
-1260	4
-1240	3
-1220	2
-1200	2
-1180	5
-1160	1
-1140	1
-1120	2
-1100	2
-1080	2
-1060	4
-1040	0
-1020	2
-1000	2
-980	2
-960	1
-940	2
-920	2
-900	3
-880	5
-860	13
-840	12
-820	5
-800	11
-780	1
-760	4
-740	2
-720	2
-700	2
-680	3
-660	2
-640	3
-620	1
-600	1
-580	3
-560	0
-540	1
-520	3
-500	3
-480	0
-460	3
-440	3
-420	2
-400	4
-380	0
-360	1
-340	5
-320	5
-300	1
-280	7
-260	6
-240	9
-220	11
-200	11
-180	18
-160	6
-140	6
-120	4
-100	9
-80	26
-60	226
-40	1607
-20	9050
0	15327
20	8633
40	3610
60	1336
80	496
100	203
120	95
140	44
160	34
180	34
200	21
220	15
240	7
260	2
280	2
300	2
320	2
340	3
360	2
380	2
400	1
420	2
440	5
460	0
480	3
500	2
520	3
540	1
560	3
580	3
600	1
620	1
640	3
660	4
680	1
700	2
720	1
740	1
760	1
780	3
800	2
820	0
840	0
860	3
880	3
900	2
920	3
940	2
960	2
980	2
1000	3
1020	4
1040	0
1060	3
1080	2
1100	2
1120	1
1140	1
1160	2
1180	3
1200	1
1220	3
1240	0
1260	2
1280	0
1300	1
1320	1
1340	1
1360	3
1380	0
1400	2
1420	1
1440	5
1460	1
1480	0
1500	1
1520	0
1540	3
1560	1
1580	2
1600	3
1620	2
1640	2
1660	0
1680	1
1700	1
1720	0
1740	0
1760	2
1780	1
1800	0
1820	2
1840	0
1860	2
1880	1
1900	2
1920	0
1940	1
1960	2
1980	0
2000	1
2020	2
2040	2
2060	1
2080	3
2100	1
2120	1
2140	3
2160	0
2180	1
2200	0
2220	0
2240	1
2260	1
2280	5
2300	1
2320	1
2340	0
2360	2
2380	0
2400	2
2420	1
2440	0
2460	2
2480	0
2500	2
2520	2
2540	0
2560	1
2580	1
2600	2
2620	1
2640	1
2660	0
2680	1
2700	0
2720	3
2740	0
2760	0
2780	0
2800	2
2820	2
2840	2
2860	0
2880	3
2900	1
2920	1
2940	0
2960	3
2980	0
3000	1
3020	1
3040	1
3060	0
3080	0
3100	2
3120	1
3140	2
3160	1
3180	4
3200	3
3220	5
3240	2
3260	4
3280	7
3300	11
3320	9
3340	4
3360	3
3380	4
3400	2
3420	2
3440	0
3460	2
3480	0
3500	0
3520	0
3540	0
3560	3
3580	2
3600	2
3620	1
3640	1
3660	0
3680	2
3700	2
3720	1
3740	1
3760	1
3780	1
3800	2
3820	1
3840	1
3860	1
3880	1
3900	2
3920	1
3940	3
3960	0
3980	0
4000	5
4020	1
4040	4
4060	1
4080	1
4100	0
4120	1
4140	1
4160	1
4180	0
4200	1
4220	1
4240	0
4260	3
4280	2
4300	0
4320	2
4340	1
4360	1
4380	2
4400	0
4420	3
4440	1
4460	2
4480	0
4500	1
4520	0
4540	1
4560	1
4580	2
4600	1
4620	1
4640	1
4660	2
4680	1
4700	1
4720	2
4740	0
4760	1
4780	0
4800	1
4820	4
4840	0
4860	1
4880	2
4900	3
4920	3
4940	3
4960	3
4980	0
5000	0
5020	1
5040	2
5060	1
5080	0
5100	0
5120	0
5140	1
5160	1
5180	1
5200	2
5220	1
5240	0
5260	2
5280	4
5300	1
5320	3
5340	1
5360	3
5380	1
5400	1
5420	2
5440	0
5460	1
5480	1
5500	0
5520	1
5540	0
5560	1
5580	2
5600	1
5620	0
5640	1
5660	0
5680	0
5700	0
5720	0
5740	0
5760	0
5780	0
5800	4
5820	1
5840	2
5860	0
5880	2
5900	0
5920	2
5940	2
5960	1
5980	0
6000	2
6020	0
6040	1
6060	0
6080	3
6100	0
6120	1
6140	0
6160	0
6180	3
6200	3
6220	1
6240	2
6260	3
6280	1
6300	1
6320	4
6340	1
6360	2
6380	1
6400	1
6420	0
6440	0
6460	1
6480	1
6500	2
6520	0
6540	1
6560	2
6580	1
6600	1
6620	2
6640	1
6660	0
6680	1
6700	0
6720	1
6740	0
6760	2
6780	1
6800	1
6820	1
6840	0
6860	2
6880	1
6900	1
6920	0
6940	0
6960	0
6980	1
7000	0
7020	2
7040	0
7060	0
7080	1
7100	2
7120	0
7140	0
7160	0
7180	0
7200	0
7220	3
7240	0
7260	1
7280	2
7300	0
7320	1
7340	0
7360	0
7380	2
7400	0
7420	0
7440	0
7460	0
7480	0
7500	1
7520	1
7540	0
7560	1
7580	1
7600	4
7620	4
7640	0
7660	3
7680	3
7700	0
7720	1
7740	0
7760	0
7780	1
7800	0
7820	1
7840	1
7860	0
7880	0
7900	0
7920	0
7940	3
7960	0
7980	0
8000	1
8020	3
8040	0
8060	2
8080	2
8100	0
8120	1
8140	0
8160	0
8180	3
8200	0
8220	1
8240	1
8260	0
8280	0
8300	0
8320	0
8340	0
8360	1
8380	0
8400	0
8420	2
8440	0
8460	8
8480	5
8500	3
8520	1
8540	2
8560	1
8580	0
8600	1
8620	1
8640	1
8660	0
8680	0
8700	1
8720	0
8740	0
8760	0
8780	1
8800	1
8820	0
8840	0
8860	1
8880	2
8900	0
8920	2
8940	0
8960	0
8980	1
9000	0
9020	0
9040	0
9060	0
9080	1
9100	1
9120	1
9140	2
9160	2
9180	1
9200	1
9220	2
9240	0
9260	0
9280	2
9300	0
9320	0
9340	0
9360	0
9380	1
9400	0
9420	0
9440	2
9460	1
9480	2
9500	1
9520	0
9540	1
9560	3
9580	1
9600	0
9620	1
9640	3
9660	2
9680	1
9700	1
9720	0
9740	0
9760	1
9780	0
9800	1
9820	1
9840	2
9860	1
9880	2
9900	2
9920	1
9940	1
9960	1
9980	0
10000	0
10020	0
10040	0
10060	1
10080	2
10100	0
10120	1
10140	3
10160	3
10180	1
10200	2
10220	2
10240	0
10260	0
10280	0
10300	1
10320	1
10340	0
10360	2
10380	2
10400	0
10420	1
10440	1
10460	1
10480	1
10500	0
10520	1
10540	1
10560	0
10580	0
10600	1
10620	0
10640	0
10660	0
10680	0
10700	1
10720	1
10740	1
10760	1
10780	0
10800	1
10820	1
10840	3
10860	1
10880	0
10900	0
10920	0
10940	2
10960	0
10980	0
11000	1
11020	0
11040	1
11060	1
11080	1
11100	3
11120	4
11140	7
11160	5
11180	6
11200	3
11220	2
11240	2
11260	1
11280	1
11300	0
11320	0
11340	1
11360	0
11380	0
11400	1
11420	2
11440	2
11460	1
11480	0
11500	1
11520	0
11540	0
11560	0
11580	0
11600	8
11620	23
11640	7
11660	13
11680	14
11700	2
11720	6
11740	2
11760	3
11780	2
11800	1
11820	1
11840	1
11860	1
11880	0
11900	1
11920	2
11940	0
11960	2
11980	0
12000	0
12020	0
12040	2
12060	2
12080	0
12100	0
12120	2
12140	1
12160	1
12180	0
12200	2
12220	7
12240	7
12260	6
12280	12
12300	17
12320	9
12340	5
12360	15
12380	32
12400	68
12420	347
12440	1376
12460	4755
12480	8182
12500	6530
12520	3334
12540	1383
12560	535
12580	188
12600	101
12620	50
12640	29
12660	24
12680	20
12700	16
12720	6
12740	7
12760	2
12780	5
12800	1
12820	4
12840	4
12860	1
12880	5
12900	1
12920	4
12940	0
12960	1
12980	0
13000	3
13020	1
13040	1
13060	0
13080	1
13100	3
13120	0
13140	0
13160	1
13180	4
13200	0
13220	2
13240	5
13260	2
13280	3
13300	0
13320	0
13340	5
13360	2
13380	3
13400	1
13420	0
13440	3
13460	0
13480	1
13500	5
13520	5
13540	1
13560	2
13580	1
13600	3
13620	1
13640	1
13660	1
13680	0
13700	3
13720	3
13740	1
13760	1
13780	1
13800	0
13820	1
13840	2
13860	2
13880	2
13900	2
13920	2
13940	1
13960	3
13980	0
14000	3
14020	1
14040	1
14060	1
14080	0
14100	2
14120	1
14140	1
14160	1
14180	1
14200	0
14220	1
14240	1
14260	2
14280	5
14300	1
14320	1
14340	2
14360	3
14380	1
14400	1
14420	1
14440	0
14460	2
14480	2
14500	2
14520	1
14540	2
14560	1
14580	0
14600	2
14620	0
14640	0
14660	2
14680	0
14700	0
14720	1
14740	1
14760	0
14780	2
14800	2
14820	1
14840	5
14860	1
14880	2
14900	2
14920	1
14940	2
14960	1
14980	3
15000	5
15020	2
15040	3
15060	1
15080	0
15100	1
15120	0
15140	1
15160	2
15180	2
15200	1
15220	0
15240	2
15260	0
15280	0
15300	0
15320	0
15340	1
15360	1
15380	3
15400	2
15420	1
15440	1
15460	1
15480	0
15500	0
15520	3
15540	0
15560	3
15580	2
15600	3
15620	1
15640	2
15660	0
15680	1
15700	6
15720	5
15740	0
15760	7
15780	9
15800	6
15820	3
15840	3
15860	1
15880	4
15900	0
15920	4
15940	3
15960	2
15980	3
16000	0
16020	2
16040	0
16060	0
16080	1
16100	3
16120	1
16140	1
16160	4
16180	0
16200	2
16220	0
16240	0
16260	0
16280	1
16300	1
16320	1
16340	2
16360	1
16380	2
16400	1
16420	0
16440	2
16460	0
16480	1
16500	6
16520	8
16540	1
16560	2
16580	3
16600	3
16620	0
16640	1
16660	2
16680	1
16700	0
16720	0
16740	3
16760	2
16780	3
16800	1
16820	1
16840	1
16860	0
16880	3
16900	0
16920	3
16940	1
16960	2
16980	2
17000	1
17020	3
17040	3
17060	0
17080	0
17100	0
17120	0
17140	0
17160	1
17180	2
17200	0
17220	1
17240	2
17260	1
17280	0
17300	1
17320	2
17340	3
17360	0
17380	0
17400	2
17420	1
17440	0
17460	0
17480	1
17500	1
17520	1
17540	1
17560	0
17580	1
17600	0
17620	0
17640	0
17660	2
17680	0
17700	0
17720	2
17740	2
17760	0
17780	1
17800	1
17820	3
17840	1
17860	1
17880	1
17900	1
17920	1
17940	0
17960	1
17980	2
18000	1
18020	0
18040	1
18060	0
18080	2
18100	1
18120	3
18140	0
18160	2
18180	0
18200	2
18220	1
18240	0
18260	1
18280	0
18300	1
18320	1
18340	0
18360	1
18380	1
18400	1
18420	1
18440	1
18460	0
18480	3
18500	1
18520	0
18540	0
18560	0
18580	1
18600	1
18620	0
18640	3
18660	3
18680	5
18700	2
18720	3
18740	2
18760	2
18780	1
18800	1
18820	2
18840	1
18860	0
18880	1
18900	3
18920	3
18940	1
18960	0
18980	2
19000	0
19020	3
19040	0
19060	1
19080	1
19100	2
19120	2
19140	2
19160	0
19180	3
19200	1
19220	1
19240	0
19260	0
19280	2
19300	2
19320	0
19340	0
19360	1
19380	0
19400	0
19420	0
19440	0
19460	1
19480	0
19500	1
19520	0
19540	1
19560	1
19580	2
19600	0
19620	1
19640	0
19660	0
19680	1
19700	2
19720	0
19740	1
19760	0
19780	1
19800	0
19820	0
19840	4
19860	1
19880	1
19900	1
19920	3
19940	1
19960	1
19980	0
