"Time differences (ps)"	"Counts per bin"
-20000	2
-19980	4
-19960	1
-19940	3
-19920	2
-19900	2
-19880	1
-19860	2
-19840	1
-19820	1
-19800	2
-19780	2
-19760	4
-19740	6
-19720	2
-19700	2
-19680	0
-19660	3
-19640	1
-19620	2
-19600	5
-19580	5
-19560	2
-19540	3
-19520	2
-19500	1
-19480	4
-19460	2
-19440	3
-19420	3
-19400	1
-19380	3
-19360	2
-19340	3
-19320	2
-19300	3
-19280	3
-19260	3
-19240	3
-19220	3
-19200	4
-19180	2
-19160	4
-19140	4
-19120	4
-19100	2
-19080	2
-19060	4
-19040	1
-19020	4
-19000	4
-18980	2
-18960	2
-18940	3
-18920	6
-18900	1
-18880	1
-18860	1
-18840	2
-18820	1
-18800	1
-18780	1
-18760	2
-18740	3
-18720	7
-18700	2
-18680	1
-18660	1
-18640	0
-18620	0
-18600	1
-18580	2
-18560	3
-18540	2
-18520	3
-18500	4
-18480	4
-18460	4
-18440	2
-18420	0
-18400	3
-18380	2
-18360	0
-18340	2
-18320	1
-18300	3
-18280	1
-18260	0
-18240	4
-18220	3
-18200	2
-18180	0
-18160	1
-18140	1
-18120	0
-18100	2
-18080	1
-18060	3
-18040	4
-18020	4
-18000	4
-17980	1
-17960	1
-17940	3
-17920	3
-17900	4
-17880	3
-17860	1
-17840	3
-17820	5
-17800	2
-17780	4
-17760	4
-17740	0
-17720	5
-17700	2
-17680	2
-17660	5
-17640	5
-17620	1
-17600	3
-17580	2
-17560	2
-17540	2
-17520	2
-17500	1
-17480	3
-17460	3
-17440	3
-17420	1
-17400	7
-17380	2
-17360	9
-17340	8
-17320	6
-17300	4
-17280	2
-17260	1
-17240	2
-17220	7
-17200	1
-17180	3
-17160	5
-17140	4
-17120	5
-17100	1
-17080	2
-17060	1
-17040	1
-17020	1
-17000	3
-16980	5
-16960	5
-16940	1
-16920	0
-16900	0
-16880	3
-16860	1
-16840	2
-16820	1
-16800	4
-16780	3
-16760	1
-16740	4
-16720	1
-16700	5
-16680	1
-16660	1
-16640	3
-16620	2
-16600	1
-16580	1
-16560	3
-16540	2
-16520	3
-16500	9
-16480	3
-16460	1
-16440	5
-16420	1
-16400	6
-16380	1
-16360	1
-16340	4
-16320	1
-16300	2
-16280	5
-16260	2
-16240	1
-16220	1
-16200	1
-16180	1
-16160	1
-16140	1
-16120	1
-16100	2
-16080	2
-16060	3
-16040	3
-16020	3
-16000	3
-15980	0
-15960	0
-15940	3
-15920	1
-15900	2
-15880	2
-15860	3
-15840	3
-15820	4
-15800	3
-15780	0
-15760	3
-15740	1
-15720	0
-15700	4
-15680	2
-15660	2
-15640	1
-15620	3
-15600	2
-15580	2
-15560	4
-15540	3
-15520	6
-15500	2
-15480	4
-15460	2
-15440	1
-15420	4
-15400	5
-15380	2
-15360	1
-15340	2
-15320	5
-15300	4
-15280	0
-15260	2
-15240	1
-15220	1
-15200	2
-15180	3
-15160	0
-15140	0
-15120	3
-15100	3
-15080	5
-15060	1
-15040	3
-15020	1
-15000	1
-14980	3
-14960	1
-14940	0
-14920	4
-14900	0
-14880	3
-14860	5
-14840	0
-14820	1
-14800	2
-14780	0
-14760	4
-14740	2
-14720	2
-14700	2
-14680	2
-14660	0
-14640	2
-14620	2
-14600	2
-14580	4
-14560	0
-14540	3
-14520	1
-14500	2
-14480	4
-14460	0
-14440	0
-14420	2
-14400	4
-14380	3
-14360	2
-14340	3
-14320	4
-14300	2
-14280	1
-14260	3
-14240	3
-14220	0
-14200	3
-14180	1
-14160	3
-14140	3
-14120	3
-14100	2
-14080	5
-14060	3
-14040	1
-14020	2
-14000	4
-13980	0
-13960	0
-13940	3
-13920	3
-13900	1
-13880	1
-13860	2
-13840	7
-13820	6
-13800	5
-13780	3
-13760	3
-13740	2
-13720	0
-13700	2
-13680	6
-13660	1
-13640	2
-13620	5
-13600	3
-13580	0
-13560	2
-13540	3
-13520	1
-13500	0
-13480	3
-13460	1
-13440	3
-13420	4
-13400	6
-13380	7
-13360	9
-13340	16
-13320	9
-13300	8
-13280	4
-13260	2
-13240	8
-13220	3
-13200	2
-13180	3
-13160	3
-13140	3
-13120	2
-13100	2
-13080	2
-13060	3
-13040	4
-13020	4
-13000	1
-12980	0
-12960	3
-12940	5
-12920	3
-12900	1
-12880	3
-12860	4
-12840	3
-12820	1
-12800	2
-12780	4
-12760	5
-12740	2
-12720	7
-12700	12
-12680	9
-12660	12
-12640	2
-12620	10
-12600	15
-12580	31
-12560	160
-12540	774
-12520	2946
-12500	7406
-12480	8707
-12460	5351
-12440	2358
-12420	957
-12400	376
-12380	170
-12360	81
-12340	40
-12320	28
-12300	18
-12280	15
-12260	6
-12240	9
-12220	8
-12200	9
-12180	4
-12160	3
-12140	3
-12120	5
-12100	2
-12080	5
-12060	5
-12040	5
-12020	6
-12000	5
-11980	3
-11960	3
-11940	3
-11920	2
-11900	3
-11880	3
-11860	5
-11840	4
-11820	3
-11800	4
-11780	3
-11760	4
-11740	5
-11720	2
-11700	3
-11680	3
-11660	3
-11640	5
-11620	4
-11600	5
-11580	7
-11560	3
-11540	2
-11520	6
-11500	4
-11480	2
-11460	3
-11440	4
-11420	4
-11400	4
-11380	1
-11360	4
-11340	1
-11320	3
-11300	8
-11280	2
-11260	2
-11240	2
-11220	1
-11200	4
-11180	3
-11160	5
-11140	3
-11120	1
-11100	1
-11080	4
-11060	5
-11040	4
-11020	4
-11000	4
-10980	3
-10960	3
-10940	6
-10920	3
-10900	7
-10880	6
-10860	3
-10840	4
-10820	1
-10800	5
-10780	5
-10760	10
-10740	4
-10720	3
-10700	2
-10680	4
-10660	2
-10640	1
-10620	4
-10600	3
-10580	10
-10560	3
-10540	2
-10520	0
-10500	3
-10480	4
-10460	6
-10440	7
-10420	2
-10400	3
-10380	3
-10360	2
-10340	4
-10320	1
-10300	3
-10280	5
-10260	2
-10240	2
-10220	3
-10200	4
-10180	5
-10160	1
-10140	2
-10120	5
-10100	1
-10080	3
-10060	0
-10040	3
-10020	3
-10000	1
-9980	3
-9960	2
-9940	7
-9920	4
-9900	2
-9880	3
-9860	3
-9840	3
-9820	5
-9800	5
-9780	6
-9760	2
-9740	4
-9720	5
-9700	0
-9680	1
-9660	5
-9640	3
-9620	5
-9600	5
-9580	2
-9560	2
-9540	2
-9520	1
-9500	0
-9480	2
-9460	4
-9440	1
-9420	4
-9400	8
-9380	4
-9360	5
-9340	8
-9320	3
-9300	3
-9280	5
-9260	5
-9240	6
-9220	9
-9200	8
-9180	15
-9160	7
-9140	4
-9120	2
-9100	2
-9080	4
-9060	4
-9040	2
-9020	2
-9000	3
-8980	5
-8960	4
-8940	4
-8920	6
-8900	2
-8880	6
-8860	5
-8840	1
-8820	2
-8800	6
-8780	1
-8760	0
-8740	1
-8720	3
-8700	2
-8680	7
-8660	2
-8640	3
-8620	1
-8600	6
-8580	6
-8560	0
-8540	2
-8520	5
-8500	3
-8480	6
-8460	4
-8440	6
-8420	4
-8400	3
-8380	2
-8360	2
-8340	0
-8320	1
-8300	0
-8280	4
-8260	1
-8240	2
-8220	0
-8200	2
-8180	2
-8160	2
-8140	2
-8120	5
-8100	3
-8080	5
-8060	2
-8040	2
-8020	5
-8000	3
-7980	4
-7960	3
-7940	3
-7920	5
-7900	3
-7880	2
-7860	3
-7840	3
-7820	1
-7800	2
-7780	2
-7760	3
-7740	4
-7720	7
-7700	7
-7680	1
-7660	2
-7640	2
-7620	3
-7600	0
-7580	5
-7560	0
-7540	2
-7520	5
-7500	4
-7480	4
-7460	5
-7440	4
-7420	3
-7400	1
-7380	1
-7360	1
-7340	2
-7320	2
-7300	3
-7280	3
-7260	1
-7240	3
-7220	5
-7200	3
-7180	5
-7160	5
-7140	1
-7120	9
-7100	0
-7080	3
-7060	3
-7040	0
-7020	3
-7000	2
-6980	2
-6960	1
-6940	3
-6920	4
-6900	3
-6880	5
-6860	3
-6840	3
-6820	0
-6800	2
-6780	1
-6760	2
-6740	3
-6720	1
-6700	2
-6680	4
-6660	4
-6640	3
-6620	2
-6600	4
-6580	1
-6560	6
-6540	2
-6520	3
-6500	3
-6480	3
-6460	3
-6440	1
-6420	3
-6400	2
-6380	2
-6360	2
-6340	2
-6320	2
-6300	3
-6280	2
-6260	2
-6240	3
-6220	3
-6200	3
-6180	2
-6160	1
-6140	3
-6120	2
-6100	2
-6080	7
-6060	5
-6040	4
-6020	3
-6000	1
-5980	2
-5960	2
-5940	5
-5920	3
-5900	4
-5880	4
-5860	4
-5840	1
-5820	1
-5800	4
-5780	3
-5760	3
-5740	6
-5720	3
-5700	1
-5680	3
-5660	0
-5640	2
-5620	6
-5600	2
-5580	4
-5560	4
-5540	1
-5520	3
-5500	4
-5480	1
-5460	2
-5440	2
-5420	5
-5400	3
-5380	5
-5360	2
-5340	1
-5320	2
-5300	2
-5280	4
-5260	7
-5240	2
-5220	2
-5200	4
-5180	5
-5160	1
-5140	1
-5120	6
-5100	3
-5080	2
-5060	4
-5040	3
-5020	4
-5000	5
-4980	2
-4960	1
-4940	3
-4920	4
-4900	7
-4880	9
-4860	3
-4840	5
-4820	1
-4800	3
-4780	1
-4760	5
-4740	2
-4720	1
-4700	1
-4680	3
-4660	3
-4640	0
-4620	3
-4600	4
-4580	4
-4560	2
-4540	2
-4520	3
-4500	2
-4480	1
-4460	0
-4440	2
-4420	3
-4400	1
-4380	3
-4360	2
-4340	7
-4320	2
-4300	2
-4280	0
-4260	3
-4240	4
-4220	3
-4200	2
-4180	4
-4160	3
-4140	0
-4120	0
-4100	0
-4080	3
-4060	5
-4040	6
-4020	7
-4000	7
-3980	7
-3960	4
-3940	2
-3920	5
-3900	2
-3880	1
-3860	2
-3840	2
-3820	4
-3800	2
-3780	3
-3760	3
-3740	1
-3720	3
-3700	3
-3680	5
-3660	2
-3640	3
-3620	3
-3600	4
-3580	4
-3560	3
-3540	4
-3520	3
-3500	3
-3480	5
-3460	4
-3440	3
-3420	7
-3400	3
-3380	5
-3360	3
-3340	3
-3320	3
-3300	6
-3280	2
-3260	2
-3240	2
-3220	3
-3200	5
-3180	3
-3160	0
-3140	3
-3120	2
-3100	4
-3080	3
-3060	0
-3040	2
-3020	3
-3000	7
-2980	1
-2960	2
-2940	3
-2920	5
-2900	3
-2880	2
-2860	2
-2840	4
-2820	3
-2800	3
-2780	3
-2760	0
-2740	3
-2720	1
-2700	0
-2680	5
-2660	2
-2640	2
-2620	3
-2600	1
-2580	1
-2560	3
-2540	2
-2520	3
-2500	4
-2480	3
-2460	2
-2440	2
-2420	4
-2400	3
-2380	3
-2360	3
-2340	2
-2320	5
-2300	8
-2280	2
-2260	5
-2240	2
-2220	3
-2200	0
-2180	4
-2160	2
-2140	2
-2120	2
-2100	1
-2080	2
-2060	2
-2040	2
-2020	2
-2000	1
-1980	2
-1960	3
-1940	1
-1920	2
-1900	2
-1880	4
-1860	4
-1840	0
-1820	3
-1800	2
-1780	1
-1760	0
-1740	1
-1720	0
-1700	5
-1680	4
-1660	1
-1640	4
-1620	3
-1600	1
-1580	2
-1560	1
-1540	0
-1520	1
-1500	1
-1480	5
-1460	2
-1440	1
-1420	1
-1400	2
-1380	9
-1360	4
-1340	5
-1320	6
-1300	9
-1280	3
-1260	1
-1240	3
-1220	1
-1200	1
-1180	0
-1160	4
-1140	1
-1120	4
-1100	1
-1080	0
-1060	4
-1040	0
-1020	2
-1000	1
-980	1
-960	4
-940	3
-920	4
-900	5
-880	11
-860	10
-840	8
-820	6
-800	8
-780	6
-760	7
-740	1
-720	5
-700	6
-680	2
-660	3
-640	3
-620	0
-600	1
-580	1
-560	0
-540	2
-520	2
-500	3
-480	2
-460	4
-440	2
-420	0
-400	4
-380	2
-360	1
-340	4
-320	6
-300	2
-280	2
-260	3
-240	2
-220	2
-200	3
-180	4
-160	3
-140	2
-120	4
-100	5
-80	7
-60	37
-40	127
-20	519
0	875
20	612
40	352
60	207
80	110
100	60
120	40
140	25
160	13
180	8
200	13
220	6
240	5
260	2
280	5
300	1
320	2
340	2
360	3
380	3
400	1
420	3
440	1
460	4
480	1
500	1
520	0
540	1
560	3
580	1
600	0
620	1
640	2
660	1
680	1
700	1
720	1
740	1
760	1
780	2
800	2
820	3
840	4
860	3
880	4
900	2
920	2
940	2
960	1
980	2
1000	1
1020	4
1040	0
1060	3
1080	3
1100	0
1120	0
1140	3
1160	0
1180	1
1200	2
1220	0
1240	0
1260	1
1280	1
1300	4
1320	3
1340	2
1360	1
1380	1
1400	2
1420	1
1440	4
1460	0
1480	2
1500	0
1520	1
1540	1
1560	0
1580	6
1600	3
1620	1
1640	1
1660	1
1680	0
1700	0
1720	3
1740	0
1760	1
1780	1
1800	2
1820	1
1840	4
1860	1
1880	2
1900	1
1920	0
1940	1
1960	2
1980	1
2000	1
2020	1
2040	1
2060	3
2080	3
2100	3
2120	2
2140	1
2160	2
2180	6
2200	0
2220	4
2240	2
2260	3
2280	4
2300	0
2320	0
2340	1
2360	1
2380	2
2400	3
2420	1
2440	3
2460	2
2480	2
2500	0
2520	2
2540	1
2560	0
2580	1
2600	2
2620	0
2640	1
2660	3
2680	5
2700	0
2720	2
2740	1
2760	1
2780	2
2800	2
2820	2
2840	1
2860	0
2880	1
2900	0
2920	4
2940	1
2960	2
2980	1
3000	0
3020	1
3040	2
3060	4
3080	0
3100	1
3120	3
3140	0
3160	3
3180	2
3200	3
3220	1
3240	3
3260	4
3280	9
3300	14
3320	7
3340	4
3360	0
3380	3
3400	0
3420	6
3440	0
3460	2
3480	2
3500	3
3520	1
3540	1
3560	2
3580	3
3600	1
3620	0
3640	3
3660	4
3680	4
3700	3
3720	2
3740	0
3760	0
3780	1
3800	2
3820	0
3840	0
3860	0
3880	1
3900	3
3920	1
3940	2
3960	1
3980	2
4000	5
4020	6
4040	6
4060	1
4080	0
4100	1
4120	2
4140	0
4160	2
4180	1
4200	1
4220	1
4240	2
4260	3
4280	0
4300	1
4320	3
4340	1
4360	2
4380	0
4400	1
4420	0
4440	1
4460	0
4480	0
4500	0
4520	4
4540	5
4560	1
4580	1
4600	2
4620	1
4640	3
4660	1
4680	0
4700	2
4720	2
4740	0
4760	1
4780	2
4800	2
4820	0
4840	3
4860	2
4880	1
4900	1
4920	0
4940	2
4960	1
4980	3
5000	1
5020	0
5040	1
5060	2
5080	3
5100	1
5120	0
5140	1
5160	0
5180	0
5200	0
5220	1
5240	1
5260	0
5280	0
5300	0
5320	0
5340	2
5360	0
5380	1
5400	0
5420	0
5440	2
5460	0
5480	1
5500	0
5520	0
5540	2
5560	2
5580	0
5600	0
5620	0
5640	2
5660	1
5680	0
5700	1
5720	1
5740	0
5760	0
5780	1
5800	2
5820	1
5840	1
5860	0
5880	0
5900	1
5920	0
5940	1
5960	1
5980	0
6000	0
6020	1
6040	2
6060	1
6080	0
6100	0
6120	0
6140	1
6160	0
6180	1
6200	2
6220	1
6240	0
6260	2
6280	0
6300	2
6320	0
6340	0
6360	0
6380	1
6400	0
6420	1
6440	1
6460	0
6480	3
6500	2
6520	0
6540	2
6560	0
6580	1
6600	0
6620	1
6640	1
6660	1
6680	0
6700	0
6720	0
6740	1
6760	3
6780	1
6800	2
6820	0
6840	1
6860	2
6880	3
6900	0
6920	2
6940	0
6960	0
6980	0
7000	1
7020	1
7040	2
7060	0
7080	1
7100	0
7120	1
7140	0
7160	1
7180	1
7200	2
7220	0
7240	0
7260	2
7280	0
7300	2
7320	1
7340	0
7360	1
7380	2
7400	1
7420	1
7440	0
7460	2
7480	1
7500	0
7520	0
7540	1
7560	2
7580	1
7600	1
7620	1
7640	5
7660	1
7680	5
7700	2
7720	2
7740	0
7760	1
7780	1
7800	0
7820	2
7840	0
7860	1
7880	0
7900	0
7920	2
7940	1
7960	0
7980	1
8000	0
8020	0
8040	2
8060	0
8080	0
8100	1
8120	0
8140	1
8160	0
8180	1
8200	0
8220	1
8240	0
8260	1
8280	1
8300	0
8320	2
8340	1
8360	0
8380	1
8400	0
8420	1
8440	2
8460	4
8480	1
8500	3
8520	3
8540	4
8560	0
8580	1
8600	0
8620	2
8640	2
8660	1
8680	1
8700	1
8720	0
8740	0
8760	1
8780	2
8800	1
8820	0
8840	4
8860	2
8880	2
8900	1
8920	0
8940	2
8960	0
8980	0
9000	3
9020	0
9040	0
9060	0
9080	2
9100	1
9120	0
9140	1
9160	0
9180	1
9200	0
9220	0
9240	0
9260	1
9280	0
9300	1
9320	1
9340	1
9360	0
9380	0
9400	2
9420	0
9440	1
9460	0
9480	0
9500	1
9520	2
9540	0
9560	1
9580	0
9600	2
9620	2
9640	0
9660	0
9680	0
9700	1
9720	0
9740	1
9760	1
9780	0
9800	1
9820	0
9840	1
9860	2
9880	0
9900	3
9920	1
9940	0
9960	0
9980	1
10000	0
10020	1
10040	1
10060	1
10080	0
10100	0
10120	0
10140	0
10160	1
10180	0
10200	0
10220	1
10240	1
10260	0
10280	2
10300	1
10320	0
10340	1
10360	0
10380	1
10400	0
10420	1
10440	1
10460	0
10480	4
10500	0
10520	2
10540	1
10560	0
10580	3
10600	0
10620	0
10640	1
10660	1
10680	1
10700	1
10720	0
10740	0
10760	1
10780	0
10800	0
10820	2
10840	2
10860	0
10880	0
10900	1
10920	0
10940	1
10960	0
10980	3
11000	0
11020	3
11040	2
11060	1
11080	0
11100	1
11120	5
11140	0
11160	7
11180	7
11200	2
11220	0
11240	0
11260	0
11280	0
11300	2
11320	1
11340	3
11360	3
11380	0
11400	2
11420	1
11440	1
11460	1
11480	1
11500	3
11520	0
11540	0
11560	1
11580	2
11600	11
11620	12
11640	10
11660	5
11680	5
11700	3
11720	3
11740	0
11760	0
11780	3
11800	1
11820	0
11840	1
11860	0
11880	1
11900	0
11920	1
11940	0
11960	0
11980	0
12000	0
12020	0
12040	0
12060	1
12080	0
12100	1
12120	0
12140	1
12160	0
12180	0
12200	1
12220	1
12240	2
12260	2
12280	2
12300	2
12320	2
12340	3
12360	5
12380	19
12400	75
12420	394
12440	1616
12460	5236
12480	8937
12500	7035
12520	3534
12540	1549
12560	634
12580	254
12600	108
12620	47
12640	41
12660	37
12680	21
12700	7
12720	8
12740	3
12760	4
12780	2
12800	1
12820	2
12840	3
12860	2
12880	3
12900	3
12920	1
12940	4
12960	3
12980	2
13000	1
13020	3
13040	3
13060	1
13080	4
13100	1
13120	2
13140	3
13160	1
13180	3
13200	1
13220	5
13240	1
13260	3
13280	1
13300	2
13320	2
13340	2
13360	3
13380	1
13400	3
13420	2
13440	4
13460	1
13480	4
13500	1
13520	1
13540	1
13560	2
13580	3
13600	1
13620	1
13640	1
13660	2
13680	5
13700	1
13720	0
13740	5
13760	1
13780	2
13800	2
13820	0
13840	0
13860	0
13880	2
13900	0
13920	0
13940	2
13960	0
13980	1
14000	2
14020	2
14040	0
14060	0
14080	6
14100	0
14120	3
14140	0
14160	1
14180	3
14200	3
14220	2
14240	2
14260	0
14280	0
14300	2
14320	2
14340	3
14360	1
14380	0
14400	1
14420	0
14440	2
14460	3
14480	3
14500	4
14520	3
14540	1
14560	0
14580	2
14600	1
14620	1
14640	2
14660	0
14680	1
14700	1
14720	1
14740	1
14760	0
14780	1
14800	2
14820	1
14840	3
14860	0
14880	2
14900	2
14920	1
14940	3
14960	0
14980	1
15000	0
15020	1
15040	1
15060	3
15080	2
15100	0
15120	0
15140	1
15160	0
15180	2
15200	2
15220	0
15240	3
15260	1
15280	0
15300	0
15320	1
15340	2
15360	0
15380	2
15400	3
15420	0
15440	2
15460	1
15480	2
15500	0
15520	1
15540	1
15560	2
15580	5
15600	3
15620	2
15640	1
15660	2
15680	1
15700	3
15720	3
15740	5
15760	9
15780	21
15800	7
15820	6
15840	3
15860	4
15880	5
15900	5
15920	5
15940	1
15960	3
15980	3
16000	0
16020	0
16040	2
16060	0
16080	2
16100	0
16120	3
16140	0
16160	1
16180	2
16200	1
16220	0
16240	0
16260	1
16280	1
16300	3
16320	1
16340	0
16360	1
16380	0
16400	0
16420	1
16440	3
16460	4
16480	6
16500	2
16520	3
16540	9
16560	1
16580	2
16600	0
16620	1
16640	1
16660	2
16680	2
16700	0
16720	0
16740	4
16760	2
16780	1
16800	1
16820	0
16840	1
16860	0
16880	0
16900	1
16920	2
16940	1
16960	0
16980	1
17000	1
17020	3
17040	0
17060	1
17080	1
17100	2
17120	1
17140	1
17160	2
17180	1
17200	0
17220	1
17240	2
17260	0
17280	0
17300	0
17320	0
17340	1
17360	0
17380	3
17400	0
17420	3
17440	1
17460	2
17480	2
17500	0
17520	3
17540	1
17560	1
17580	1
17600	0
17620	0
17640	1
17660	0
17680	2
17700	3
17720	3
17740	0
17760	0
17780	0
17800	1
17820	1
17840	0
17860	0
17880	0
17900	1
17920	1
17940	0
17960	0
17980	0
18000	2
18020	1
18040	0
18060	1
18080	0
18100	0
18120	1
18140	1
18160	0
18180	0
18200	2
18220	1
18240	0
18260	1
18280	3
18300	1
18320	1
18340	1
18360	1
18380	0
18400	2
18420	0
18440	1
18460	2
18480	1
18500	0
18520	0
18540	1
18560	0
18580	2
18600	2
18620	3
18640	1
18660	5
18680	8
18700	3
18720	1
18740	2
18760	1
18780	2
18800	2
18820	0
18840	0
18860	0
18880	0
18900	1
18920	0
18940	0
18960	1
18980	1
19000	0
19020	3
19040	0
19060	0
19080	1
19100	1
19120	1
19140	1
19160	3
19180	1
19200	0
19220	0
19240	2
19260	1
19280	1
19300	3
19320	2
19340	3
19360	0
19380	2
19400	1
19420	1
19440	2
19460	0
19480	0
19500	1
19520	1
19540	0
19560	1
19580	0
19600	2
19620	1
19640	2
19660	2
19680	2
19700	1
19720	1
19740	2
19760	2
19780	2
19800	0
19820	3
19840	1
19860	2
19880	0
19900	1
19920	0
19940	1
19960	3
19980	0
