"Time differences (ps)"	"Counts per bin"
-20000	7
-19980	1
-19960	3
-19940	3
-19920	6
-19900	4
-19880	6
-19860	2
-19840	2
-19820	5
-19800	2
-19780	0
-19760	2
-19740	2
-19720	2
-19700	7
-19680	2
-19660	1
-19640	4
-19620	7
-19600	0
-19580	2
-19560	1
-19540	3
-19520	1
-19500	4
-19480	3
-19460	2
-19440	0
-19420	2
-19400	2
-19380	1
-19360	0
-19340	3
-19320	4
-19300	1
-19280	2
-19260	1
-19240	0
-19220	2
-19200	3
-19180	3
-19160	7
-19140	3
-19120	2
-19100	1
-19080	2
-19060	3
-19040	2
-19020	4
-19000	3
-18980	3
-18960	3
-18940	8
-18920	0
-18900	2
-18880	1
-18860	3
-18840	2
-18820	5
-18800	3
-18780	3
-18760	7
-18740	3
-18720	1
-18700	2
-18680	2
-18660	1
-18640	4
-18620	3
-18600	3
-18580	2
-18560	3
-18540	2
-18520	2
-18500	2
-18480	2
-18460	2
-18440	0
-18420	1
-18400	2
-18380	3
-18360	3
-18340	2
-18320	1
-18300	4
-18280	2
-18260	2
-18240	3
-18220	1
-18200	3
-18180	2
-18160	1
-18140	5
-18120	0
-18100	1
-18080	6
-18060	1
-18040	1
-18020	2
-18000	3
-17980	4
-17960	3
-17940	2
-17920	4
-17900	3
-17880	3
-17860	0
-17840	1
-17820	1
-17800	4
-17780	1
-17760	2
-17740	3
-17720	3
-17700	0
-17680	1
-17660	3
-17640	1
-17620	2
-17600	4
-17580	1
-17560	2
-17540	3
-17520	2
-17500	0
-17480	3
-17460	3
-17440	4
-17420	1
-17400	3
-17380	4
-17360	5
-17340	4
-17320	4
-17300	4
-17280	2
-17260	4
-17240	2
-17220	4
-17200	4
-17180	4
-17160	5
-17140	3
-17120	1
-17100	1
-17080	4
-17060	5
-17040	4
-17020	4
-17000	2
-16980	2
-16960	2
-16940	5
-16920	3
-16900	0
-16880	1
-16860	1
-16840	2
-16820	0
-16800	6
-16780	4
-16760	1
-16740	3
-16720	1
-16700	1
-16680	3
-16660	2
-16640	2
-16620	0
-16600	1
-16580	3
-16560	2
-16540	0
-16520	6
-16500	10
-16480	5
-16460	2
-16440	4
-16420	3
-16400	0
-16380	1
-16360	2
-16340	2
-16320	1
-16300	2
-16280	3
-16260	3
-16240	2
-16220	2
-16200	5
-16180	2
-16160	0
-16140	3
-16120	2
-16100	0
-16080	5
-16060	5
-16040	0
-16020	2
-16000	1
-15980	2
-15960	4
-15940	1
-15920	3
-15900	4
-15880	1
-15860	0
-15840	3
-15820	1
-15800	3
-15780	4
-15760	1
-15740	3
-15720	3
-15700	2
-15680	3
-15660	0
-15640	2
-15620	1
-15600	4
-15580	2
-15560	2
-15540	3
-15520	1
-15500	4
-15480	2
-15460	3
-15440	2
-15420	2
-15400	2
-15380	4
-15360	2
-15340	1
-15320	2
-15300	3
-15280	3
-15260	2
-15240	2
-15220	4
-15200	1
-15180	2
-15160	1
-15140	3
-15120	2
-15100	3
-15080	1
-15060	0
-15040	2
-15020	0
-15000	1
-14980	5
-14960	1
-14940	1
-14920	4
-14900	1
-14880	2
-14860	1
-14840	5
-14820	1
-14800	4
-14780	3
-14760	1
-14740	2
-14720	3
-14700	3
-14680	2
-14660	2
-14640	1
-14620	2
-14600	2
-14580	3
-14560	6
-14540	3
-14520	0
-14500	3
-14480	1
-14460	1
-14440	3
-14420	0
-14400	3
-14380	1
-14360	6
-14340	1
-14320	3
-14300	0
-14280	1
-14260	0
-14240	3
-14220	0
-14200	0
-14180	0
-14160	1
-14140	3
-14120	3
-14100	1
-14080	3
-14060	2
-14040	4
-14020	4
-14000	2
-13980	0
-13960	4
-13940	3
-13920	4
-13900	1
-13880	1
-13860	3
-13840	6
-13820	12
-13800	12
-13780	3
-13760	2
-13740	1
-13720	3
-13700	2
-13680	1
-13660	1
-13640	1
-13620	5
-13600	1
-13580	2
-13560	2
-13540	0
-13520	1
-13500	1
-13480	4
-13460	1
-13440	2
-13420	1
-13400	3
-13380	6
-13360	8
-13340	10
-13320	10
-13300	3
-13280	11
-13260	2
-13240	1
-13220	3
-13200	1
-13180	4
-13160	3
-13140	3
-13120	3
-13100	4
-13080	3
-13060	0
-13040	0
-13020	4
-13000	0
-12980	4
-12960	0
-12940	1
-12920	2
-12900	5
-12880	3
-12860	1
-12840	2
-12820	2
-12800	5
-12780	4
-12760	4
-12740	8
-12720	5
-12700	13
-12680	7
-12660	11
-12640	10
-12620	6
-12600	8
-12580	34
-12560	176
-12540	712
-12520	2638
-12500	6851
-12480	7846
-12460	4737
-12440	2144
-12420	837
-12400	342
-12380	126
-12360	71
-12340	44
-12320	34
-12300	33
-12280	14
-12260	20
-12240	12
-12220	6
-12200	6
-12180	3
-12160	4
-12140	8
-12120	6
-12100	4
-12080	2
-12060	0
-12040	4
-12020	2
-12000	3
-11980	5
-11960	4
-11940	3
-11920	1
-11900	3
-11880	3
-11860	3
-11840	5
-11820	4
-11800	2
-11780	4
-11760	3
-11740	4
-11720	4
-11700	3
-11680	3
-11660	1
-11640	5
-11620	8
-11600	5
-11580	3
-11560	8
-11540	5
-11520	4
-11500	7
-11480	2
-11460	4
-11440	2
-11420	2
-11400	2
-11380	1
-11360	5
-11340	5
-11320	4
-11300	2
-11280	4
-11260	5
-11240	1
-11220	2
-11200	3
-11180	3
-11160	1
-11140	2
-11120	3
-11100	3
-11080	2
-11060	5
-11040	2
-11020	2
-11000	2
-10980	1
-10960	8
-10940	2
-10920	5
-10900	3
-10880	1
-10860	4
-10840	5
-10820	1
-10800	5
-10780	1
-10760	3
-10740	5
-10720	3
-10700	0
-10680	5
-10660	4
-10640	4
-10620	4
-10600	1
-10580	2
-10560	6
-10540	0
-10520	4
-10500	5
-10480	0
-10460	3
-10440	2
-10420	5
-10400	3
-10380	1
-10360	2
-10340	4
-10320	1
-10300	2
-10280	3
-10260	2
-10240	4
-10220	4
-10200	5
-10180	2
-10160	2
-10140	3
-10120	5
-10100	1
-10080	1
-10060	0
-10040	1
-10020	6
-10000	1
-9980	4
-9960	2
-9940	3
-9920	3
-9900	5
-9880	1
-9860	0
-9840	3
-9820	2
-9800	3
-9780	4
-9760	1
-9740	2
-9720	0
-9700	3
-9680	1
-9660	1
-9640	1
-9620	6
-9600	1
-9580	3
-9560	2
-9540	3
-9520	3
-9500	5
-9480	1
-9460	6
-9440	3
-9420	3
-9400	3
-9380	2
-9360	3
-9340	6
-9320	1
-9300	0
-9280	2
-9260	2
-9240	6
-9220	5
-9200	6
-9180	12
-9160	8
-9140	6
-9120	4
-9100	6
-9080	2
-9060	8
-9040	7
-9020	3
-9000	2
-8980	1
-8960	3
-8940	2
-8920	3
-8900	3
-8880	1
-8860	1
-8840	3
-8820	1
-8800	1
-8780	3
-8760	2
-8740	5
-8720	1
-8700	2
-8680	3
-8660	2
-8640	4
-8620	5
-8600	5
-8580	3
-8560	4
-8540	3
-8520	6
-8500	7
-8480	7
-8460	8
-8440	5
-8420	2
-8400	3
-8380	1
-8360	2
-8340	2
-8320	3
-8300	4
-8280	1
-8260	3
-8240	2
-8220	3
-8200	2
-8180	0
-8160	0
-8140	1
-8120	1
-8100	2
-8080	7
-8060	2
-8040	3
-8020	4
-8000	1
-7980	5
-7960	4
-7940	6
-7920	4
-7900	4
-7880	2
-7860	1
-7840	3
-7820	4
-7800	3
-7780	4
-7760	4
-7740	2
-7720	4
-7700	4
-7680	5
-7660	4
-7640	5
-7620	2
-7600	3
-7580	0
-7560	4
-7540	2
-7520	2
-7500	3
-7480	1
-7460	2
-7440	1
-7420	0
-7400	2
-7380	1
-7360	2
-7340	4
-7320	3
-7300	5
-7280	3
-7260	2
-7240	3
-7220	2
-7200	4
-7180	0
-7160	5
-7140	3
-7120	2
-7100	2
-7080	2
-7060	3
-7040	0
-7020	2
-7000	3
-6980	3
-6960	2
-6940	2
-6920	2
-6900	5
-6880	2
-6860	2
-6840	6
-6820	0
-6800	1
-6780	2
-6760	4
-6740	4
-6720	3
-6700	1
-6680	2
-6660	2
-6640	1
-6620	2
-6600	2
-6580	4
-6560	1
-6540	2
-6520	3
-6500	1
-6480	4
-6460	2
-6440	3
-6420	4
-6400	3
-6380	2
-6360	3
-6340	0
-6320	6
-6300	1
-6280	2
-6260	4
-6240	4
-6220	1
-6200	2
-6180	2
-6160	1
-6140	5
-6120	1
-6100	2
-6080	0
-6060	7
-6040	5
-6020	1
-6000	6
-5980	2
-5960	3
-5940	1
-5920	1
-5900	2
-5880	3
-5860	1
-5840	3
-5820	6
-5800	2
-5780	1
-5760	4
-5740	0
-5720	1
-5700	6
-5680	2
-5660	2
-5640	3
-5620	1
-5600	4
-5580	1
-5560	3
-5540	5
-5520	3
-5500	4
-5480	2
-5460	1
-5440	5
-5420	2
-5400	0
-5380	2
-5360	7
-5340	3
-5320	4
-5300	1
-5280	1
-5260	0
-5240	2
-5220	1
-5200	7
-5180	4
-5160	3
-5140	2
-5120	1
-5100	1
-5080	1
-5060	2
-5040	2
-5020	1
-5000	0
-4980	1
-4960	2
-4940	3
-4920	3
-4900	4
-4880	6
-4860	2
-4840	3
-4820	0
-4800	7
-4780	2
-4760	2
-4740	2
-4720	3
-4700	1
-4680	3
-4660	1
-4640	3
-4620	2
-4600	2
-4580	1
-4560	4
-4540	2
-4520	3
-4500	3
-4480	1
-4460	2
-4440	1
-4420	1
-4400	3
-4380	2
-4360	2
-4340	1
-4320	3
-4300	1
-4280	1
-4260	4
-4240	2
-4220	2
-4200	4
-4180	4
-4160	3
-4140	1
-4120	3
-4100	3
-4080	2
-4060	4
-4040	6
-4020	4
-4000	9
-3980	4
-3960	2
-3940	4
-3920	6
-3900	1
-3880	1
-3860	2
-3840	2
-3820	3
-3800	0
-3780	6
-3760	3
-3740	1
-3720	0
-3700	2
-3680	4
-3660	2
-3640	1
-3620	4
-3600	0
-3580	0
-3560	1
-3540	1
-3520	4
-3500	3
-3480	2
-3460	2
-3440	0
-3420	2
-3400	3
-3380	3
-3360	3
-3340	6
-3320	1
-3300	2
-3280	1
-3260	3
-3240	3
-3220	4
-3200	3
-3180	3
-3160	0
-3140	2
-3120	2
-3100	1
-3080	2
-3060	2
-3040	3
-3020	0
-3000	2
-2980	0
-2960	4
-2940	0
-2920	2
-2900	1
-2880	2
-2860	0
-2840	2
-2820	3
-2800	2
-2780	2
-2760	2
-2740	4
-2720	1
-2700	1
-2680	4
-2660	1
-2640	3
-2620	2
-2600	4
-2580	1
-2560	3
-2540	2
-2520	3
-2500	0
-2480	3
-2460	1
-2440	1
-2420	1
-2400	4
-2380	1
-2360	1
-2340	5
-2320	2
-2300	0
-2280	2
-2260	2
-2240	3
-2220	2
-2200	4
-2180	2
-2160	1
-2140	2
-2120	1
-2100	0
-2080	4
-2060	3
-2040	1
-2020	2
-2000	0
-1980	8
-1960	2
-1940	4
-1920	2
-1900	1
-1880	2
-1860	4
-1840	3
-1820	2
-1800	1
-1780	3
-1760	2
-1740	3
-1720	1
-1700	1
-1680	0
-1660	1
-1640	0
-1620	1
-1600	2
-1580	1
-1560	4
-1540	1
-1520	1
-1500	0
-1480	3
-1460	2
-1440	2
-1420	4
-1400	1
-1380	3
-1360	1
-1340	7
-1320	5
-1300	7
-1280	5
-1260	5
-1240	2
-1220	2
-1200	2
-1180	1
-1160	1
-1140	2
-1120	5
-1100	3
-1080	4
-1060	5
-1040	3
-1020	6
-1000	1
-980	4
-960	1
-940	2
-920	3
-900	6
-880	6
-860	10
-840	14
-820	7
-800	3
-780	2
-760	4
-740	1
-720	2
-700	4
-680	3
-660	3
-640	1
-620	7
-600	3
-580	3
-560	3
-540	1
-520	2
-500	0
-480	2
-460	1
-440	4
-420	2
-400	3
-380	3
-360	0
-340	1
-320	1
-300	1
-280	3
-260	2
-240	8
-220	7
-200	20
-180	16
-160	9
-140	8
-120	6
-100	3
-80	27
-60	155
-40	1078
-20	6097
0	10298
20	5562
40	2127
60	724
80	258
100	84
120	58
140	19
160	29
180	21
200	10
220	9
240	3
260	5
280	4
300	1
320	0
340	0
360	0
380	2
400	2
420	1
440	0
460	1
480	0
500	4
520	1
540	0
560	1
580	1
600	1
620	2
640	0
660	2
680	2
700	1
720	0
740	1
760	0
780	4
800	1
820	3
840	3
860	0
880	4
900	2
920	1
940	2
960	0
980	1
1000	1
1020	2
1040	1
1060	1
1080	1
1100	2
1120	3
1140	2
1160	1
1180	0
1200	1
1220	0
1240	1
1260	0
1280	2
1300	0
1320	2
1340	0
1360	2
1380	0
1400	1
1420	1
1440	1
1460	1
1480	1
1500	2
1520	0
1540	1
1560	2
1580	1
1600	4
1620	1
1640	0
1660	1
1680	2
1700	1
1720	2
1740	0
1760	1
1780	0
1800	0
1820	0
1840	0
1860	1
1880	0
1900	1
1920	3
1940	2
1960	3
1980	2
2000	0
2020	2
2040	1
2060	1
2080	2
2100	2
2120	3
2140	2
2160	0
2180	1
2200	1
2220	2
2240	0
2260	0
2280	1
2300	0
2320	3
2340	0
2360	1
2380	1
2400	3
2420	1
2440	0
2460	2
2480	0
2500	1
2520	0
2540	0
2560	3
2580	1
2600	3
2620	0
2640	1
2660	0
2680	2
2700	0
2720	0
2740	2
2760	2
2780	0
2800	4
2820	1
2840	0
2860	1
2880	0
2900	2
2920	1
2940	0
2960	0
2980	1
3000	2
3020	2
3040	0
3060	0
3080	0
3100	2
3120	1
3140	1
3160	1
3180	1
3200	1
3220	0
3240	0
3260	3
3280	9
3300	6
3320	11
3340	5
3360	1
3380	2
3400	2
3420	3
3440	1
3460	3
3480	0
3500	1
3520	0
3540	3
3560	0
3580	0
3600	0
3620	1
3640	0
3660	2
3680	1
3700	2
3720	0
3740	1
3760	2
3780	2
3800	4
3820	1
3840	0
3860	0
3880	0
3900	0
3920	2
3940	3
3960	2
3980	2
4000	2
4020	5
4040	6
4060	1
4080	1
4100	0
4120	0
4140	1
4160	1
4180	2
4200	0
4220	0
4240	1
4260	2
4280	1
4300	0
4320	0
4340	2
4360	1
4380	0
4400	1
4420	0
4440	1
4460	0
4480	1
4500	3
4520	2
4540	0
4560	0
4580	2
4600	2
4620	1
4640	0
4660	1
4680	1
4700	0
4720	1
4740	3
4760	0
4780	1
4800	1
4820	0
4840	0
4860	1
4880	3
4900	0
4920	0
4940	1
4960	1
4980	2
5000	1
5020	1
5040	1
5060	0
5080	2
5100	0
5120	0
5140	3
5160	2
5180	2
5200	0
5220	0
5240	0
5260	1
5280	0
5300	2
5320	2
5340	1
5360	0
5380	0
5400	1
5420	1
5440	2
5460	1
5480	2
5500	0
5520	0
5540	0
5560	1
5580	2
5600	0
5620	0
5640	1
5660	0
5680	3
5700	0
5720	1
5740	3
5760	1
5780	1
5800	1
5820	1
5840	0
5860	1
5880	2
5900	1
5920	0
5940	1
5960	2
5980	2
6000	0
6020	4
6040	2
6060	0
6080	1
6100	0
6120	0
6140	0
6160	1
6180	1
6200	1
6220	2
6240	0
6260	1
6280	0
6300	2
6320	0
6340	0
6360	1
6380	1
6400	1
6420	0
6440	1
6460	0
6480	0
6500	0
6520	0
6540	0
6560	1
6580	0
6600	2
6620	0
6640	0
6660	0
6680	0
6700	1
6720	1
6740	0
6760	1
6780	0
6800	1
6820	1
6840	1
6860	0
6880	1
6900	0
6920	2
6940	0
6960	1
6980	1
7000	0
7020	0
7040	1
7060	0
7080	0
7100	3
7120	0
7140	1
7160	2
7180	0
7200	0
7220	0
7240	1
7260	0
7280	1
7300	0
7320	2
7340	0
7360	0
7380	0
7400	4
7420	2
7440	1
7460	0
7480	0
7500	0
7520	0
7540	0
7560	1
7580	3
7600	2
7620	3
7640	3
7660	3
7680	3
7700	2
7720	1
7740	2
7760	2
7780	0
7800	1
7820	0
7840	1
7860	1
7880	1
7900	1
7920	1
7940	1
7960	1
7980	0
8000	0
8020	0
8040	0
8060	3
8080	0
8100	0
8120	1
8140	1
8160	0
8180	0
8200	2
8220	1
8240	1
8260	1
8280	1
8300	1
8320	1
8340	0
8360	1
8380	1
8400	0
8420	2
8440	2
8460	3
8480	5
8500	3
8520	2
8540	0
8560	0
8580	1
8600	0
8620	2
8640	0
8660	2
8680	1
8700	1
8720	0
8740	0
8760	0
8780	0
8800	2
8820	3
8840	0
8860	0
8880	0
8900	1
8920	0
8940	1
8960	0
8980	0
9000	0
9020	1
9040	0
9060	0
9080	0
9100	0
9120	0
9140	0
9160	0
9180	0
9200	0
9220	0
9240	1
9260	1
9280	2
9300	2
9320	1
9340	0
9360	1
9380	0
9400	1
9420	0
9440	0
9460	0
9480	1
9500	0
9520	0
9540	1
9560	0
9580	1
9600	0
9620	0
9640	1
9660	1
9680	1
9700	1
9720	2
9740	1
9760	0
9780	0
9800	0
9820	0
9840	0
9860	2
9880	0
9900	0
9920	0
9940	0
9960	0
9980	0
10000	0
10020	0
10040	0
10060	0
10080	1
10100	0
10120	0
10140	2
10160	1
10180	0
10200	0
10220	0
10240	0
10260	0
10280	1
10300	1
10320	0
10340	1
10360	0
10380	1
10400	0
10420	1
10440	1
10460	0
10480	2
10500	0
10520	1
10540	0
10560	0
10580	0
10600	0
10620	0
10640	2
10660	0
10680	0
10700	0
10720	0
10740	0
10760	0
10780	0
10800	2
10820	1
10840	1
10860	1
10880	1
10900	1
10920	0
10940	2
10960	1
10980	0
11000	1
11020	0
11040	1
11060	0
11080	0
11100	3
11120	1
11140	6
11160	13
11180	5
11200	5
11220	1
11240	1
11260	2
11280	1
11300	1
11320	1
11340	1
11360	1
11380	0
11400	0
11420	0
11440	1
11460	0
11480	3
11500	1
11520	1
11540	1
11560	1
11580	1
11600	5
11620	4
11640	1
11660	4
11680	3
11700	2
11720	3
11740	0
11760	2
11780	0
11800	0
11820	0
11840	0
11860	0
11880	0
11900	1
11920	0
11940	0
11960	1
11980	0
12000	0
12020	1
12040	1
12060	1
12080	0
12100	0
12120	2
12140	1
12160	0
12180	0
12200	1
12220	3
12240	5
12260	7
12280	7
12300	9
12320	7
12340	5
12360	8
12380	24
12400	81
12420	340
12440	1530
12460	4847
12480	8253
12500	6469
12520	3127
12540	1258
12560	504
12580	205
12600	106
12620	50
12640	32
12660	24
12680	26
12700	10
12720	7
12740	2
12760	2
12780	3
12800	2
12820	1
12840	5
12860	2
12880	3
12900	3
12920	2
12940	4
12960	1
12980	1
13000	2
13020	1
13040	4
13060	4
13080	3
13100	0
13120	3
13140	2
13160	2
13180	1
13200	3
13220	0
13240	0
13260	3
13280	0
13300	4
13320	2
13340	5
13360	2
13380	0
13400	1
13420	2
13440	0
13460	2
13480	1
13500	3
13520	4
13540	0
13560	2
13580	0
13600	2
13620	2
13640	2
13660	3
13680	3
13700	2
13720	3
13740	2
13760	4
13780	4
13800	2
13820	3
13840	1
13860	0
13880	2
13900	1
13920	2
13940	1
13960	1
13980	3
14000	3
14020	1
14040	2
14060	1
14080	2
14100	2
14120	0
14140	1
14160	0
14180	1
14200	1
14220	0
14240	1
14260	1
14280	2
14300	1
14320	0
14340	1
14360	1
14380	2
14400	1
14420	1
14440	1
14460	1
14480	3
14500	2
14520	1
14540	3
14560	1
14580	4
14600	0
14620	2
14640	2
14660	0
14680	0
14700	0
14720	2
14740	0
14760	0
14780	1
14800	0
14820	0
14840	0
14860	4
14880	2
14900	1
14920	0
14940	2
14960	2
14980	3
15000	0
15020	1
15040	1
15060	3
15080	2
15100	0
15120	0
15140	0
15160	2
15180	2
15200	1
15220	5
15240	1
15260	0
15280	1
15300	2
15320	3
15340	0
15360	0
15380	0
15400	3
15420	2
15440	1
15460	1
15480	2
15500	0
15520	2
15540	2
15560	3
15580	4
15600	1
15620	1
15640	3
15660	2
15680	2
15700	0
15720	2
15740	2
15760	8
15780	5
15800	6
15820	2
15840	5
15860	2
15880	4
15900	2
15920	2
15940	1
15960	1
15980	1
16000	1
16020	2
16040	1
16060	1
16080	0
16100	1
16120	1
16140	1
16160	0
16180	2
16200	0
16220	1
16240	0
16260	5
16280	1
16300	3
16320	0
16340	0
16360	1
16380	2
16400	2
16420	0
16440	0
16460	2
16480	6
16500	3
16520	0
16540	0
16560	0
16580	2
16600	1
16620	1
16640	2
16660	0
16680	4
16700	2
16720	0
16740	2
16760	1
16780	0
16800	0
16820	1
16840	1
16860	1
16880	2
16900	2
16920	1
16940	0
16960	1
16980	3
17000	2
17020	2
17040	2
17060	4
17080	0
17100	1
17120	1
17140	1
17160	3
17180	0
17200	2
17220	1
17240	2
17260	0
17280	1
17300	1
17320	0
17340	2
17360	2
17380	3
17400	1
17420	3
17440	2
17460	1
17480	1
17500	1
17520	1
17540	0
17560	1
17580	5
17600	1
17620	1
17640	1
17660	1
17680	0
17700	1
17720	4
17740	1
17760	1
17780	0
17800	2
17820	1
17840	1
17860	2
17880	0
17900	1
17920	1
17940	4
17960	0
17980	2
18000	2
18020	0
18040	1
18060	0
18080	2
18100	1
18120	2
18140	1
18160	1
18180	1
18200	1
18220	0
18240	1
18260	1
18280	0
18300	1
18320	0
18340	2
18360	0
18380	1
18400	0
18420	1
18440	0
18460	1
18480	1
18500	0
18520	0
18540	1
18560	2
18580	3
18600	1
18620	3
18640	3
18660	1
18680	1
18700	1
18720	0
18740	1
18760	1
18780	2
18800	1
18820	1
18840	0
18860	1
18880	0
18900	1
18920	2
18940	0
18960	2
18980	1
19000	0
19020	0
19040	1
19060	1
19080	1
19100	0
19120	1
19140	0
19160	1
19180	2
19200	1
19220	0
19240	2
19260	2
19280	1
19300	1
19320	1
19340	0
19360	2
19380	1
19400	0
19420	1
19440	0
19460	0
19480	3
19500	1
19520	0
19540	1
19560	2
19580	2
19600	1
19620	0
19640	1
19660	1
19680	0
19700	1
19720	0
19740	2
19760	0
19780	1
19800	0
19820	1
19840	1
19860	2
19880	1
19900	0
19920	1
19940	1
19960	0
19980	2
