"Time differences (ps)"	"Counts per bin"
-20000	6
-19980	4
-19960	0
-19940	1
-19920	2
-19900	3
-19880	0
-19860	2
-19840	3
-19820	4
-19800	2
-19780	4
-19760	2
-19740	2
-19720	2
-19700	2
-19680	2
-19660	1
-19640	5
-19620	2
-19600	4
-19580	2
-19560	0
-19540	2
-19520	7
-19500	5
-19480	6
-19460	2
-19440	2
-19420	1
-19400	1
-19380	2
-19360	1
-19340	2
-19320	5
-19300	2
-19280	3
-19260	3
-19240	1
-19220	5
-19200	3
-19180	6
-19160	3
-19140	1
-19120	2
-19100	4
-19080	2
-19060	1
-19040	1
-19020	3
-19000	4
-18980	4
-18960	3
-18940	4
-18920	3
-18900	3
-18880	4
-18860	3
-18840	1
-18820	2
-18800	6
-18780	4
-18760	2
-18740	2
-18720	1
-18700	3
-18680	1
-18660	1
-18640	3
-18620	0
-18600	6
-18580	2
-18560	2
-18540	1
-18520	2
-18500	0
-18480	2
-18460	2
-18440	2
-18420	3
-18400	1
-18380	1
-18360	3
-18340	2
-18320	1
-18300	4
-18280	6
-18260	6
-18240	2
-18220	1
-18200	2
-18180	0
-18160	1
-18140	4
-18120	1
-18100	4
-18080	0
-18060	1
-18040	1
-18020	1
-18000	4
-17980	2
-17960	1
-17940	2
-17920	1
-17900	1
-17880	2
-17860	3
-17840	4
-17820	6
-17800	1
-17780	1
-17760	0
-17740	1
-17720	2
-17700	4
-17680	0
-17660	2
-17640	3
-17620	3
-17600	2
-17580	2
-17560	1
-17540	2
-17520	6
-17500	4
-17480	3
-17460	4
-17440	1
-17420	5
-17400	3
-17380	5
-17360	7
-17340	2
-17320	3
-17300	7
-17280	2
-17260	2
-17240	1
-17220	2
-17200	4
-17180	4
-17160	1
-17140	1
-17120	3
-17100	1
-17080	2
-17060	0
-17040	2
-17020	1
-17000	3
-16980	1
-16960	1
-16940	2
-16920	2
-16900	5
-16880	2
-16860	2
-16840	3
-16820	2
-16800	1
-16780	1
-16760	1
-16740	3
-16720	0
-16700	4
-16680	2
-16660	0
-16640	2
-16620	3
-16600	1
-16580	2
-16560	2
-16540	3
-16520	4
-16500	9
-16480	5
-16460	2
-16440	3
-16420	2
-16400	1
-16380	4
-16360	3
-16340	4
-16320	1
-16300	1
-16280	4
-16260	4
-16240	1
-16220	0
-16200	1
-16180	2
-16160	4
-16140	3
-16120	3
-16100	1
-16080	2
-16060	1
-16040	3
-16020	0
-16000	3
-15980	3
-15960	3
-15940	2
-15920	6
-15900	3
-15880	6
-15860	2
-15840	1
-15820	3
-15800	2
-15780	2
-15760	3
-15740	2
-15720	1
-15700	2
-15680	0
-15660	4
-15640	2
-15620	4
-15600	4
-15580	1
-15560	1
-15540	2
-15520	2
-15500	4
-15480	3
-15460	2
-15440	3
-15420	4
-15400	3
-15380	0
-15360	1
-15340	3
-15320	2
-15300	0
-15280	0
-15260	2
-15240	1
-15220	2
-15200	2
-15180	4
-15160	1
-15140	4
-15120	3
-15100	5
-15080	2
-15060	1
-15040	2
-15020	2
-15000	2
-14980	3
-14960	4
-14940	2
-14920	3
-14900	2
-14880	3
-14860	0
-14840	2
-14820	2
-14800	1
-14780	2
-14760	1
-14740	3
-14720	2
-14700	1
-14680	5
-14660	2
-14640	1
-14620	3
-14600	1
-14580	2
-14560	2
-14540	4
-14520	2
-14500	0
-14480	3
-14460	2
-14440	3
-14420	2
-14400	1
-14380	2
-14360	0
-14340	2
-14320	0
-14300	4
-14280	1
-14260	1
-14240	0
-14220	2
-14200	2
-14180	1
-14160	2
-14140	2
-14120	3
-14100	2
-14080	1
-14060	0
-14040	3
-14020	2
-14000	0
-13980	5
-13960	0
-13940	2
-13920	4
-13900	0
-13880	2
-13860	3
-13840	4
-13820	5
-13800	9
-13780	7
-13760	5
-13740	6
-13720	0
-13700	3
-13680	2
-13660	2
-13640	1
-13620	1
-13600	5
-13580	7
-13560	2
-13540	1
-13520	0
-13500	0
-13480	2
-13460	2
-13440	1
-13420	1
-13400	1
-13380	1
-13360	12
-13340	16
-13320	9
-13300	8
-13280	10
-13260	5
-13240	4
-13220	3
-13200	1
-13180	7
-13160	3
-13140	0
-13120	1
-13100	3
-13080	1
-13060	3
-13040	5
-13020	2
-13000	1
-12980	4
-12960	1
-12940	1
-12920	3
-12900	3
-12880	2
-12860	2
-12840	4
-12820	3
-12800	5
-12780	2
-12760	3
-12740	2
-12720	8
-12700	10
-12680	10
-12660	20
-12640	13
-12620	11
-12600	12
-12580	48
-12560	154
-12540	661
-12520	2656
-12500	6774
-12480	7975
-12460	4694
-12440	2113
-12420	827
-12400	317
-12380	131
-12360	66
-12340	61
-12320	43
-12300	49
-12280	29
-12260	20
-12240	10
-12220	4
-12200	4
-12180	6
-12160	4
-12140	1
-12120	5
-12100	4
-12080	8
-12060	7
-12040	4
-12020	5
-12000	3
-11980	1
-11960	2
-11940	2
-11920	6
-11900	5
-11880	4
-11860	6
-11840	4
-11820	3
-11800	2
-11780	5
-11760	4
-11740	4
-11720	0
-11700	6
-11680	2
-11660	2
-11640	9
-11620	10
-11600	5
-11580	2
-11560	7
-11540	3
-11520	4
-11500	4
-11480	1
-11460	5
-11440	2
-11420	0
-11400	5
-11380	1
-11360	4
-11340	5
-11320	4
-11300	3
-11280	4
-11260	5
-11240	5
-11220	1
-11200	1
-11180	3
-11160	5
-11140	2
-11120	6
-11100	1
-11080	6
-11060	2
-11040	4
-11020	5
-11000	4
-10980	4
-10960	2
-10940	1
-10920	4
-10900	4
-10880	4
-10860	3
-10840	3
-10820	0
-10800	8
-10780	3
-10760	4
-10740	4
-10720	5
-10700	3
-10680	7
-10660	1
-10640	3
-10620	1
-10600	4
-10580	0
-10560	4
-10540	8
-10520	4
-10500	0
-10480	5
-10460	1
-10440	5
-10420	2
-10400	1
-10380	2
-10360	3
-10340	5
-10320	1
-10300	3
-10280	1
-10260	3
-10240	4
-10220	0
-10200	2
-10180	2
-10160	2
-10140	3
-10120	1
-10100	5
-10080	2
-10060	3
-10040	2
-10020	5
-10000	2
-9980	3
-9960	5
-9940	4
-9920	1
-9900	4
-9880	2
-9860	2
-9840	2
-9820	1
-9800	4
-9780	4
-9760	6
-9740	2
-9720	4
-9700	5
-9680	1
-9660	1
-9640	1
-9620	1
-9600	2
-9580	3
-9560	5
-9540	2
-9520	2
-9500	1
-9480	4
-9460	0
-9440	3
-9420	2
-9400	3
-9380	4
-9360	1
-9340	4
-9320	4
-9300	2
-9280	5
-9260	2
-9240	3
-9220	6
-9200	15
-9180	11
-9160	10
-9140	4
-9120	7
-9100	4
-9080	3
-9060	4
-9040	2
-9020	4
-9000	3
-8980	0
-8960	4
-8940	4
-8920	6
-8900	4
-8880	1
-8860	3
-8840	4
-8820	5
-8800	1
-8780	4
-8760	2
-8740	3
-8720	4
-8700	4
-8680	5
-8660	2
-8640	3
-8620	2
-8600	1
-8580	2
-8560	1
-8540	4
-8520	6
-8500	1
-8480	4
-8460	6
-8440	2
-8420	8
-8400	3
-8380	1
-8360	1
-8340	3
-8320	3
-8300	2
-8280	2
-8260	5
-8240	1
-8220	1
-8200	2
-8180	3
-8160	2
-8140	5
-8120	6
-8100	2
-8080	1
-8060	2
-8040	2
-8020	1
-8000	3
-7980	3
-7960	2
-7940	2
-7920	1
-7900	1
-7880	5
-7860	2
-7840	1
-7820	4
-7800	0
-7780	2
-7760	5
-7740	2
-7720	1
-7700	4
-7680	4
-7660	2
-7640	3
-7620	1
-7600	5
-7580	2
-7560	8
-7540	4
-7520	4
-7500	0
-7480	5
-7460	2
-7440	4
-7420	3
-7400	3
-7380	1
-7360	2
-7340	3
-7320	1
-7300	3
-7280	2
-7260	4
-7240	3
-7220	1
-7200	5
-7180	2
-7160	2
-7140	1
-7120	3
-7100	2
-7080	3
-7060	3
-7040	4
-7020	5
-7000	1
-6980	3
-6960	3
-6940	2
-6920	1
-6900	1
-6880	1
-6860	2
-6840	3
-6820	2
-6800	4
-6780	3
-6760	4
-6740	4
-6720	1
-6700	4
-6680	2
-6660	3
-6640	6
-6620	1
-6600	1
-6580	0
-6560	3
-6540	4
-6520	4
-6500	4
-6480	1
-6460	3
-6440	3
-6420	5
-6400	3
-6380	6
-6360	4
-6340	1
-6320	7
-6300	9
-6280	7
-6260	3
-6240	2
-6220	3
-6200	3
-6180	1
-6160	2
-6140	1
-6120	1
-6100	6
-6080	2
-6060	2
-6040	2
-6020	2
-6000	1
-5980	1
-5960	4
-5940	2
-5920	3
-5900	5
-5880	2
-5860	3
-5840	5
-5820	1
-5800	3
-5780	1
-5760	5
-5740	4
-5720	3
-5700	3
-5680	1
-5660	2
-5640	2
-5620	5
-5600	2
-5580	0
-5560	5
-5540	2
-5520	3
-5500	3
-5480	3
-5460	1
-5440	2
-5420	5
-5400	0
-5380	4
-5360	1
-5340	3
-5320	2
-5300	2
-5280	5
-5260	2
-5240	2
-5220	2
-5200	1
-5180	0
-5160	3
-5140	1
-5120	1
-5100	2
-5080	2
-5060	0
-5040	1
-5020	2
-5000	5
-4980	4
-4960	4
-4940	0
-4920	1
-4900	3
-4880	8
-4860	8
-4840	7
-4820	5
-4800	3
-4780	2
-4760	6
-4740	3
-4720	2
-4700	1
-4680	0
-4660	4
-4640	3
-4620	3
-4600	1
-4580	4
-4560	1
-4540	1
-4520	3
-4500	0
-4480	5
-4460	0
-4440	2
-4420	3
-4400	3
-4380	1
-4360	2
-4340	5
-4320	2
-4300	3
-4280	3
-4260	3
-4240	4
-4220	2
-4200	3
-4180	6
-4160	0
-4140	3
-4120	2
-4100	1
-4080	3
-4060	4
-4040	2
-4020	7
-4000	7
-3980	1
-3960	1
-3940	4
-3920	1
-3900	4
-3880	2
-3860	6
-3840	1
-3820	2
-3800	5
-3780	3
-3760	4
-3740	1
-3720	0
-3700	3
-3680	4
-3660	2
-3640	0
-3620	1
-3600	3
-3580	1
-3560	3
-3540	1
-3520	3
-3500	1
-3480	1
-3460	4
-3440	3
-3420	5
-3400	4
-3380	1
-3360	1
-3340	4
-3320	1
-3300	5
-3280	1
-3260	1
-3240	1
-3220	1
-3200	2
-3180	0
-3160	2
-3140	2
-3120	1
-3100	1
-3080	2
-3060	1
-3040	2
-3020	1
-3000	1
-2980	2
-2960	4
-2940	3
-2920	4
-2900	0
-2880	2
-2860	2
-2840	5
-2820	2
-2800	4
-2780	3
-2760	4
-2740	2
-2720	0
-2700	1
-2680	2
-2660	4
-2640	1
-2620	4
-2600	1
-2580	4
-2560	0
-2540	4
-2520	2
-2500	2
-2480	2
-2460	3
-2440	3
-2420	0
-2400	1
-2380	1
-2360	4
-2340	3
-2320	4
-2300	2
-2280	0
-2260	1
-2240	5
-2220	0
-2200	2
-2180	7
-2160	4
-2140	2
-2120	2
-2100	3
-2080	2
-2060	1
-2040	4
-2020	1
-2000	2
-1980	2
-1960	3
-1940	5
-1920	0
-1900	2
-1880	4
-1860	0
-1840	2
-1820	1
-1800	0
-1780	1
-1760	0
-1740	1
-1720	1
-1700	3
-1680	3
-1660	4
-1640	1
-1620	1
-1600	2
-1580	3
-1560	2
-1540	2
-1520	3
-1500	4
-1480	4
-1460	0
-1440	1
-1420	2
-1400	0
-1380	2
-1360	3
-1340	6
-1320	14
-1300	4
-1280	1
-1260	5
-1240	0
-1220	0
-1200	3
-1180	1
-1160	2
-1140	1
-1120	1
-1100	3
-1080	2
-1060	6
-1040	3
-1020	2
-1000	1
-980	2
-960	2
-940	2
-920	2
-900	3
-880	5
-860	7
-840	17
-820	6
-800	4
-780	4
-760	4
-740	3
-720	5
-700	4
-680	0
-660	3
-640	0
-620	1
-600	5
-580	0
-560	2
-540	2
-520	4
-500	2
-480	0
-460	4
-440	2
-420	3
-400	1
-380	4
-360	3
-340	1
-320	1
-300	1
-280	3
-260	6
-240	16
-220	24
-200	35
-180	28
-160	18
-140	12
-120	6
-100	9
-80	49
-60	396
-40	2648
-20	15118
0	25721
20	13962
40	5439
60	1936
80	694
100	215
120	79
140	55
160	60
180	37
200	24
220	13
240	11
260	5
280	3
300	1
320	1
340	3
360	3
380	2
400	3
420	5
440	1
460	2
480	1
500	0
520	4
540	0
560	1
580	2
600	2
620	3
640	0
660	0
680	3
700	0
720	1
740	3
760	0
780	1
800	0
820	4
840	4
860	4
880	1
900	5
920	0
940	0
960	1
980	1
1000	1
1020	2
1040	1
1060	4
1080	3
1100	1
1120	0
1140	1
1160	2
1180	1
1200	1
1220	1
1240	1
1260	3
1280	1
1300	3
1320	3
1340	3
1360	1
1380	0
1400	4
1420	1
1440	0
1460	3
1480	2
1500	4
1520	1
1540	3
1560	2
1580	0
1600	0
1620	2
1640	2
1660	1
1680	3
1700	1
1720	0
1740	2
1760	0
1780	0
1800	2
1820	0
1840	1
1860	0
1880	0
1900	0
1920	2
1940	0
1960	2
1980	0
2000	2
2020	3
2040	0
2060	0
2080	1
2100	1
2120	1
2140	0
2160	0
2180	0
2200	1
2220	1
2240	0
2260	0
2280	1
2300	0
2320	1
2340	0
2360	1
2380	2
2400	0
2420	2
2440	1
2460	1
2480	0
2500	2
2520	2
2540	2
2560	1
2580	0
2600	2
2620	0
2640	2
2660	1
2680	2
2700	1
2720	2
2740	0
2760	0
2780	0
2800	1
2820	1
2840	1
2860	0
2880	0
2900	0
2920	2
2940	1
2960	1
2980	2
3000	3
3020	0
3040	2
3060	1
3080	1
3100	0
3120	1
3140	0
3160	1
3180	1
3200	2
3220	0
3240	5
3260	9
3280	9
3300	12
3320	1
3340	3
3360	1
3380	9
3400	5
3420	0
3440	2
3460	2
3480	2
3500	1
3520	1
3540	3
3560	1
3580	1
3600	0
3620	0
3640	0
3660	1
3680	0
3700	1
3720	0
3740	2
3760	3
3780	0
3800	0
3820	2
3840	1
3860	3
3880	1
3900	2
3920	1
3940	3
3960	0
3980	2
4000	4
4020	4
4040	4
4060	3
4080	3
4100	1
4120	0
4140	0
4160	2
4180	1
4200	0
4220	1
4240	1
4260	1
4280	1
4300	1
4320	0
4340	1
4360	0
4380	1
4400	1
4420	3
4440	0
4460	1
4480	1
4500	0
4520	1
4540	2
4560	0
4580	0
4600	0
4620	1
4640	0
4660	1
4680	2
4700	1
4720	2
4740	0
4760	1
4780	0
4800	0
4820	0
4840	0
4860	1
4880	2
4900	2
4920	1
4940	2
4960	1
4980	0
5000	0
5020	2
5040	0
5060	1
5080	2
5100	3
5120	1
5140	2
5160	0
5180	1
5200	1
5220	0
5240	0
5260	2
5280	0
5300	1
5320	0
5340	1
5360	1
5380	0
5400	1
5420	0
5440	0
5460	5
5480	1
5500	0
5520	0
5540	2
5560	0
5580	0
5600	1
5620	0
5640	1
5660	2
5680	1
5700	2
5720	2
5740	1
5760	1
5780	0
5800	1
5820	1
5840	1
5860	0
5880	0
5900	1
5920	0
5940	0
5960	0
5980	1
6000	0
6020	0
6040	1
6060	0
6080	2
6100	0
6120	0
6140	0
6160	2
6180	2
6200	3
6220	2
6240	0
6260	1
6280	0
6300	0
6320	0
6340	1
6360	1
6380	1
6400	3
6420	3
6440	0
6460	2
6480	1
6500	0
6520	0
6540	4
6560	0
6580	0
6600	0
6620	0
6640	1
6660	0
6680	0
6700	0
6720	1
6740	1
6760	0
6780	3
6800	1
6820	0
6840	1
6860	1
6880	1
6900	0
6920	1
6940	0
6960	0
6980	1
7000	0
7020	0
7040	2
7060	1
7080	2
7100	2
7120	2
7140	1
7160	2
7180	1
7200	3
7220	3
7240	1
7260	5
7280	0
7300	2
7320	3
7340	2
7360	1
7380	0
7400	2
7420	0
7440	1
7460	1
7480	1
7500	0
7520	0
7540	2
7560	2
7580	1
7600	3
7620	3
7640	3
7660	4
7680	1
7700	1
7720	2
7740	1
7760	0
7780	3
7800	1
7820	2
7840	1
7860	0
7880	0
7900	1
7920	2
7940	0
7960	1
7980	1
8000	0
8020	0
8040	0
8060	0
8080	0
8100	0
8120	2
8140	1
8160	0
8180	1
8200	4
8220	0
8240	1
8260	2
8280	1
8300	0
8320	0
8340	1
8360	1
8380	2
8400	2
8420	2
8440	5
8460	3
8480	3
8500	0
8520	2
8540	1
8560	1
8580	0
8600	1
8620	1
8640	2
8660	0
8680	2
8700	0
8720	0
8740	0
8760	0
8780	2
8800	2
8820	0
8840	0
8860	1
8880	0
8900	0
8920	1
8940	1
8960	1
8980	0
9000	0
9020	0
9040	0
9060	0
9080	0
9100	2
9120	1
9140	1
9160	0
9180	2
9200	4
9220	1
9240	0
9260	2
9280	0
9300	1
9320	1
9340	0
9360	0
9380	1
9400	0
9420	0
9440	2
9460	0
9480	1
9500	1
9520	0
9540	0
9560	1
9580	0
9600	0
9620	1
9640	0
9660	0
9680	0
9700	2
9720	0
9740	2
9760	0
9780	0
9800	0
9820	1
9840	0
9860	1
9880	0
9900	0
9920	1
9940	0
9960	0
9980	0
10000	0
10020	1
10040	1
10060	0
10080	0
10100	0
10120	1
10140	0
10160	1
10180	2
10200	0
10220	0
10240	1
10260	2
10280	0
10300	0
10320	1
10340	2
10360	0
10380	0
10400	1
10420	0
10440	1
10460	1
10480	1
10500	1
10520	1
10540	1
10560	0
10580	1
10600	1
10620	1
10640	1
10660	0
10680	1
10700	0
10720	1
10740	0
10760	4
10780	1
10800	2
10820	1
10840	0
10860	0
10880	3
10900	0
10920	0
10940	0
10960	2
10980	1
11000	0
11020	2
11040	2
11060	0
11080	0
11100	0
11120	1
11140	9
11160	9
11180	2
11200	3
11220	0
11240	1
11260	0
11280	0
11300	1
11320	0
11340	1
11360	1
11380	1
11400	2
11420	0
11440	2
11460	0
11480	1
11500	1
11520	2
11540	2
11560	2
11580	0
11600	7
11620	10
11640	11
11660	20
11680	10
11700	2
11720	2
11740	1
11760	1
11780	1
11800	1
11820	3
11840	0
11860	0
11880	0
11900	0
11920	0
11940	0
11960	0
11980	1
12000	2
12020	0
12040	1
12060	1
12080	1
12100	0
12120	2
12140	3
12160	1
12180	2
12200	1
12220	4
12240	11
12260	15
12280	20
12300	21
12320	15
12340	8
12360	10
12380	23
12400	72
12420	343
12440	1361
12460	4824
12480	8287
12500	6506
12520	3283
12540	1367
12560	572
12580	206
12600	85
12620	50
12640	40
12660	19
12680	13
12700	10
12720	8
12740	4
12760	7
12780	3
12800	2
12820	3
12840	4
12860	0
12880	0
12900	3
12920	2
12940	1
12960	1
12980	3
13000	2
13020	0
13040	2
13060	1
13080	1
13100	4
13120	3
13140	3
13160	3
13180	3
13200	3
13220	1
13240	0
13260	1
13280	4
13300	1
13320	4
13340	2
13360	7
13380	0
13400	0
13420	0
13440	1
13460	6
13480	2
13500	0
13520	5
13540	1
13560	0
13580	3
13600	1
13620	0
13640	1
13660	0
13680	0
13700	4
13720	2
13740	0
13760	1
13780	1
13800	4
13820	0
13840	0
13860	4
13880	0
13900	3
13920	3
13940	4
13960	2
13980	3
14000	2
14020	2
14040	3
14060	1
14080	0
14100	2
14120	3
14140	1
14160	2
14180	2
14200	1
14220	3
14240	1
14260	1
14280	2
14300	2
14320	3
14340	1
14360	2
14380	2
14400	1
14420	3
14440	0
14460	3
14480	2
14500	5
14520	2
14540	2
14560	2
14580	4
14600	1
14620	4
14640	1
14660	0
14680	0
14700	1
14720	0
14740	3
14760	0
14780	1
14800	0
14820	3
14840	0
14860	2
14880	2
14900	1
14920	2
14940	0
14960	0
14980	2
15000	0
15020	1
15040	2
15060	2
15080	0
15100	2
15120	1
15140	1
15160	4
15180	2
15200	1
15220	1
15240	3
15260	1
15280	1
15300	1
15320	0
15340	0
15360	2
15380	1
15400	1
15420	3
15440	2
15460	2
15480	1
15500	3
15520	1
15540	2
15560	0
15580	0
15600	3
15620	3
15640	1
15660	1
15680	1
15700	1
15720	3
15740	1
15760	4
15780	8
15800	12
15820	5
15840	4
15860	1
15880	2
15900	3
15920	4
15940	1
15960	0
15980	0
16000	2
16020	1
16040	0
16060	1
16080	0
16100	2
16120	1
16140	0
16160	0
16180	2
16200	0
16220	4
16240	1
16260	1
16280	1
16300	0
16320	2
16340	0
16360	1
16380	0
16400	1
16420	0
16440	1
16460	4
16480	5
16500	9
16520	5
16540	2
16560	2
16580	5
16600	2
16620	1
16640	3
16660	1
16680	1
16700	2
16720	1
16740	3
16760	0
16780	2
16800	2
16820	1
16840	0
16860	0
16880	2
16900	0
16920	0
16940	1
16960	1
16980	1
17000	2
17020	2
17040	0
17060	2
17080	0
17100	3
17120	3
17140	1
17160	1
17180	1
17200	0
17220	1
17240	2
17260	1
17280	1
17300	1
17320	5
17340	0
17360	1
17380	0
17400	2
17420	0
17440	1
17460	1
17480	2
17500	0
17520	0
17540	1
17560	1
17580	3
17600	1
17620	2
17640	2
17660	1
17680	2
17700	0
17720	0
17740	1
17760	1
17780	1
17800	0
17820	0
17840	0
17860	1
17880	2
17900	1
17920	3
17940	1
17960	1
17980	0
18000	1
18020	1
18040	0
18060	0
18080	0
18100	0
18120	0
18140	0
18160	3
18180	1
18200	5
18220	1
18240	4
18260	1
18280	1
18300	1
18320	1
18340	0
18360	0
18380	0
18400	1
18420	2
18440	2
18460	1
18480	1
18500	2
18520	1
18540	2
18560	0
18580	0
18600	0
18620	2
18640	0
18660	3
18680	3
18700	2
18720	3
18740	1
18760	3
18780	0
18800	2
18820	4
18840	0
18860	3
18880	0
18900	1
18920	1
18940	0
18960	0
18980	1
19000	0
19020	2
19040	2
19060	1
19080	0
19100	0
19120	1
19140	0
19160	1
19180	1
19200	2
19220	1
19240	0
19260	1
19280	1
19300	1
19320	0
19340	3
19360	0
19380	1
19400	0
19420	1
19440	0
19460	1
19480	0
19500	1
19520	0
19540	1
19560	2
19580	3
19600	2
19620	0
19640	0
19660	1
19680	1
19700	0
19720	1
19740	1
19760	2
19780	1
19800	2
19820	0
19840	1
19860	1
19880	0
19900	0
19920	1
19940	0
19960	2
19980	1
